1777124316569 3.0522192658729925 0 e03c8460503e45888d373262e593c115
1777124316569 3.0522192658729925 0 e03c8460503e45888d373262e593c115
1777124316569 3.0522192658729925 0 e03c8460503e45888d373262e593c115
1777124316569 3.0522192658729925 0 e03c8460503e45888d373262e593c115
1777124316569 3.0522192658729925 0 e03c8460503e45888d373262e593c115
1777124316569 3.0522192658729925 0 e03c8460503e45888d373262e593c115
1777124316569 3.0522192658729925 0 e03c8460503e45888d373262e593c115
1777124316569 3.0522192658729925 0 e03c8460503e45888d373262e593c115
1777124316569 3.0522192658729925 0 e03c8460503e45888d373262e593c115
1777124316569 3.0522192658729925 0 e03c8460503e45888d373262e593c115
1777124316569 3.0522192658729925 0 e03c8460503e45888d373262e593c115
1777124316569 3.0522192658729925 0 e03c8460503e45888d373262e593c115
1777124316569 3.0522192658729925 0 e03c8460503e45888d373262e593c115
1777124316569 3.0522192658729925 0 e03c8460503e45888d373262e593c115
1777124316569 3.0522192658729925 0 e03c8460503e45888d373262e593c115
1777124316569 3.0522192658729925 0 e03c8460503e45888d373262e593c115
