1776790063181 6.47950871322533 0
1776790063181 6.47950871322533 0
1776790227388 4.811828793831242 1
1776790063181 6.47950871322533 0
1776790063181 6.47950871322533 0
1776790382011 3.2818452494044132 2
1776790063181 6.47950871322533 0
1776790063181 6.47950871322533 0
1776790063181 6.47950871322533 0
1776790063181 6.47950871322533 0
1776790538540 2.063030832022139 3
1776790063181 6.47950871322533 0
1776790063181 6.47950871322533 0
1776790063181 6.47950871322533 0
1776790063181 6.47950871322533 0
1776790063181 6.47950871322533 0
1776790063181 6.47950871322533 0
1776790063181 6.47950871322533 0
1776790063181 6.47950871322533 0
1776790696520 1.2699313632492881 4
1776790849158 0.8166616622684071 5
1776790063181 6.47950871322533 0
1776790063181 6.47950871322533 0
1776790063181 6.47950871322533 0
1776790063181 6.47950871322533 0
1776790063181 6.47950871322533 0
1776790063181 6.47950871322533 0
1776790063181 6.47950871322533 0
1776790063181 6.47950871322533 0
1776790063181 6.47950871322533 0
1776790063181 6.47950871322533 0
1776790063181 6.47950871322533 0
1776790063181 6.47950871322533 0
1776790063181 6.47950871322533 0
1776790063181 6.47950871322533 0
1776790063181 6.47950871322533 0
1776790063181 6.47950871322533 0
1776791007683 0.569352651298239 6
1776790063181 6.47950871322533 0
1776790063181 6.47950871322533 0
1776790063181 6.47950871322533 0
1776790063181 6.47950871322533 0
1776790063181 6.47950871322533 0
1776790063181 6.47950871322533 0
1776790063181 6.47950871322533 0
1776790063181 6.47950871322533 0
1776790063181 6.47950871322533 0
1776790063181 6.47950871322533 0
1776790063181 6.47950871322533 0
1776790063181 6.47950871322533 0
1776790063181 6.47950871322533 0
1776790063181 6.47950871322533 0
1776790063181 6.47950871322533 0
1776790063181 6.47950871322533 0
1776790063181 6.47950871322533 0
1776790063181 6.47950871322533 0
1776790063181 6.47950871322533 0
1776790063181 6.47950871322533 0
1776790063181 6.47950871322533 0
1776790063181 6.47950871322533 0
1776790063181 6.47950871322533 0
1776790063181 6.47950871322533 0
1776790063181 6.47950871322533 0
1776790063181 6.47950871322533 0
1776790063181 6.47950871322533 0
1776790063181 6.47950871322533 0
1776790063181 6.47950871322533 0
1776790063181 6.47950871322533 0
1776790063181 6.47950871322533 0
1776790063181 6.47950871322533 0
