1777907394701 0.21877031028270721 0 7e4bba39bf0f4cdfa1dc610a8d4ae09d
1777907394701 0.21877031028270721 0 7e4bba39bf0f4cdfa1dc610a8d4ae09d
1777907394701 0.21877031028270721 0 7e4bba39bf0f4cdfa1dc610a8d4ae09d
1777907394701 0.21877031028270721 0 7e4bba39bf0f4cdfa1dc610a8d4ae09d
1777907394701 0.21877031028270721 0 7e4bba39bf0f4cdfa1dc610a8d4ae09d
1777907394701 0.21877031028270721 0 7e4bba39bf0f4cdfa1dc610a8d4ae09d
1777907394701 0.21877031028270721 0 7e4bba39bf0f4cdfa1dc610a8d4ae09d
1777907394701 0.21877031028270721 0 7e4bba39bf0f4cdfa1dc610a8d4ae09d
1777907394701 0.21877031028270721 0 7e4bba39bf0f4cdfa1dc610a8d4ae09d
1777907394701 0.21877031028270721 0 7e4bba39bf0f4cdfa1dc610a8d4ae09d
1777907394701 0.21877031028270721 0 7e4bba39bf0f4cdfa1dc610a8d4ae09d
1777907394701 0.21877031028270721 0 7e4bba39bf0f4cdfa1dc610a8d4ae09d
1777907394701 0.21877031028270721 0 7e4bba39bf0f4cdfa1dc610a8d4ae09d
1777907394701 0.21877031028270721 0 7e4bba39bf0f4cdfa1dc610a8d4ae09d
1777907394701 0.21877031028270721 0 7e4bba39bf0f4cdfa1dc610a8d4ae09d
1777907394701 0.21877031028270721 0 7e4bba39bf0f4cdfa1dc610a8d4ae09d
