1777132159563 0.8614296871674485 0
1777132159563 0.8614296871674485 0
1777132379943 0.43729366825043575 1
1777132159563 0.8614296871674485 0
1777132159563 0.8614296871674485 0
1777132602698 0.3034956534317782 2
1777132159563 0.8614296871674485 0
1777132159563 0.8614296871674485 0
1777132159563 0.8614296871674485 0
1777132159563 0.8614296871674485 0
1777132839941 0.22954833869216512 3
1777132159563 0.8614296871674485 0
1777132159563 0.8614296871674485 0
1777132159563 0.8614296871674485 0
1777132159563 0.8614296871674485 0
1777132159563 0.8614296871674485 0
1777132159563 0.8614296871674485 0
1777132159563 0.8614296871674485 0
1777132159563 0.8614296871674485 0
1777133069158 0.19449926821159313 4
1777132159563 0.8614296871674485 0
1777132159563 0.8614296871674485 0
1777132159563 0.8614296871674485 0
1777132159563 0.8614296871674485 0
1777132159563 0.8614296871674485 0
1777132159563 0.8614296871674485 0
1777132159563 0.8614296871674485 0
1777132159563 0.8614296871674485 0
1777132159563 0.8614296871674485 0
1777132159563 0.8614296871674485 0
1777132159563 0.8614296871674485 0
1777132159563 0.8614296871674485 0
1777132159563 0.8614296871674485 0
1777132159563 0.8614296871674485 0
1777132159563 0.8614296871674485 0
1777132159563 0.8614296871674485 0
1777133292106 0.17185762066478483 5
1777132159563 0.8614296871674485 0
1777132159563 0.8614296871674485 0
1777132159563 0.8614296871674485 0
1777132159563 0.8614296871674485 0
1777132159563 0.8614296871674485 0
1777132159563 0.8614296871674485 0
1777132159563 0.8614296871674485 0
1777132159563 0.8614296871674485 0
1777132159563 0.8614296871674485 0
1777132159563 0.8614296871674485 0
1777132159563 0.8614296871674485 0
1777132159563 0.8614296871674485 0
1777132159563 0.8614296871674485 0
1777132159563 0.8614296871674485 0
1777132159563 0.8614296871674485 0
1777132159563 0.8614296871674485 0
1777132159563 0.8614296871674485 0
1777132159563 0.8614296871674485 0
1777132159563 0.8614296871674485 0
1777132159563 0.8614296871674485 0
1777132159563 0.8614296871674485 0
1777132159563 0.8614296871674485 0
1777132159563 0.8614296871674485 0
1777132159563 0.8614296871674485 0
1777132159563 0.8614296871674485 0
1777132159563 0.8614296871674485 0
1777132159563 0.8614296871674485 0
1777132159563 0.8614296871674485 0
1777132159563 0.8614296871674485 0
1777132159563 0.8614296871674485 0
1777132159563 0.8614296871674485 0
1777132159563 0.8614296871674485 0
1777133517332 0.1557077365207055 6
1777132159563 0.8614296871674485 0
1777132159563 0.8614296871674485 0
1777132159563 0.8614296871674485 0
1777132159563 0.8614296871674485 0
1777132159563 0.8614296871674485 0
1777132159563 0.8614296871674485 0
1777132159563 0.8614296871674485 0
1777132159563 0.8614296871674485 0
1777132159563 0.8614296871674485 0
1777132159563 0.8614296871674485 0
1777132159563 0.8614296871674485 0
1777132159563 0.8614296871674485 0
1777132159563 0.8614296871674485 0
1777132159563 0.8614296871674485 0
1777132159563 0.8614296871674485 0
1777132159563 0.8614296871674485 0
1777132159563 0.8614296871674485 0
1777132159563 0.8614296871674485 0
1777132159563 0.8614296871674485 0
1777132159563 0.8614296871674485 0
1777132159563 0.8614296871674485 0
1777132159563 0.8614296871674485 0
1777132159563 0.8614296871674485 0
1777132159563 0.8614296871674485 0
1777132159563 0.8614296871674485 0
1777132159563 0.8614296871674485 0
1777132159563 0.8614296871674485 0
1777132159563 0.8614296871674485 0
1777132159563 0.8614296871674485 0
1777132159563 0.8614296871674485 0
1777132159563 0.8614296871674485 0
1777132159563 0.8614296871674485 0
1777132159563 0.8614296871674485 0
1777132159563 0.8614296871674485 0
1777132159563 0.8614296871674485 0
1777132159563 0.8614296871674485 0
1777132159563 0.8614296871674485 0
1777132159563 0.8614296871674485 0
1777132159563 0.8614296871674485 0
1777132159563 0.8614296871674485 0
1777132159563 0.8614296871674485 0
1777132159563 0.8614296871674485 0
1777132159563 0.8614296871674485 0
1777132159563 0.8614296871674485 0
1777132159563 0.8614296871674485 0
1777132159563 0.8614296871674485 0
1777132159563 0.8614296871674485 0
1777132159563 0.8614296871674485 0
1777132159563 0.8614296871674485 0
1777132159563 0.8614296871674485 0
1777132159563 0.8614296871674485 0
1777132159563 0.8614296871674485 0
1777132159563 0.8614296871674485 0
1777132159563 0.8614296871674485 0
1777132159563 0.8614296871674485 0
1777132159563 0.8614296871674485 0
1777132159563 0.8614296871674485 0
1777132159563 0.8614296871674485 0
1777132159563 0.8614296871674485 0
1777132159563 0.8614296871674485 0
1777132159563 0.8614296871674485 0
1777132159563 0.8614296871674485 0
1777132159563 0.8614296871674485 0
1777132159563 0.8614296871674485 0
