1776780276142 7.897141305374096 0 127122d91ebe4a37993d9523e70c682d
1776780276142 7.897141305374096 0 127122d91ebe4a37993d9523e70c682d
1776780276142 7.897141305374096 0 127122d91ebe4a37993d9523e70c682d
1776780276142 7.897141305374096 0 127122d91ebe4a37993d9523e70c682d
1776780276142 7.897141305374096 0 127122d91ebe4a37993d9523e70c682d
1776780276142 7.897141305374096 0 127122d91ebe4a37993d9523e70c682d
1776780276142 7.897141305374096 0 127122d91ebe4a37993d9523e70c682d
1776780276142 7.897141305374096 0 127122d91ebe4a37993d9523e70c682d
1776780276142 7.897141305374096 0 127122d91ebe4a37993d9523e70c682d
1776780276142 7.897141305374096 0 127122d91ebe4a37993d9523e70c682d
1776780276142 7.897141305374096 0 127122d91ebe4a37993d9523e70c682d
1776780276142 7.897141305374096 0 127122d91ebe4a37993d9523e70c682d
1776780276142 7.897141305374096 0 127122d91ebe4a37993d9523e70c682d
1776780276142 7.897141305374096 0 127122d91ebe4a37993d9523e70c682d
1776780276142 7.897141305374096 0 127122d91ebe4a37993d9523e70c682d
1776780276142 7.897141305374096 0 127122d91ebe4a37993d9523e70c682d
