1777888920795 0.18395589292049408 0
1777888920795 0.18395589292049408 0
1777889158631 0.07451511174440384 1
1777888920795 0.18395589292049408 0
1777888920795 0.18395589292049408 0
1777889396973 0.05053890869021416 2
1777888920795 0.18395589292049408 0
1777888920795 0.18395589292049408 0
1777888920795 0.18395589292049408 0
1777888920795 0.18395589292049408 0
1777889635149 0.04210444912314415 3
1777889867020 0.03703891485929489 4
1777888920795 0.18395589292049408 0
1777888920795 0.18395589292049408 0
1777888920795 0.18395589292049408 0
1777888920795 0.18395589292049408 0
1777888920795 0.18395589292049408 0
1777888920795 0.18395589292049408 0
1777888920795 0.18395589292049408 0
1777888920795 0.18395589292049408 0
1777890105693 0.0336812324821949 5
1777890336421 0.03141593560576439 6
1777890567239 0.029606154188513756 7
1777888920795 0.18395589292049408 0
1777888920795 0.18395589292049408 0
1777888920795 0.18395589292049408 0
1777888920795 0.18395589292049408 0
1777888920795 0.18395589292049408 0
1777888920795 0.18395589292049408 0
1777888920795 0.18395589292049408 0
1777888920795 0.18395589292049408 0
1777888920795 0.18395589292049408 0
1777888920795 0.18395589292049408 0
1777888920795 0.18395589292049408 0
1777888920795 0.18395589292049408 0
1777888920795 0.18395589292049408 0
1777888920795 0.18395589292049408 0
1777888920795 0.18395589292049408 0
1777888920795 0.18395589292049408 0
1777890804667 0.028532572090625763 8
1777891034751 0.027507955208420753 9
1777888920795 0.18395589292049408 0
1777888920795 0.18395589292049408 0
1777888920795 0.18395589292049408 0
1777888920795 0.18395589292049408 0
1777888920795 0.18395589292049408 0
1777888920795 0.18395589292049408 0
1777888920795 0.18395589292049408 0
1777888920795 0.18395589292049408 0
1777888920795 0.18395589292049408 0
1777888920795 0.18395589292049408 0
1777888920795 0.18395589292049408 0
1777888920795 0.18395589292049408 0
1777888920795 0.18395589292049408 0
1777888920795 0.18395589292049408 0
1777888920795 0.18395589292049408 0
1777888920795 0.18395589292049408 0
1777888920795 0.18395589292049408 0
1777888920795 0.18395589292049408 0
1777888920795 0.18395589292049408 0
1777888920795 0.18395589292049408 0
1777888920795 0.18395589292049408 0
1777888920795 0.18395589292049408 0
1777888920795 0.18395589292049408 0
1777888920795 0.18395589292049408 0
1777888920795 0.18395589292049408 0
1777888920795 0.18395589292049408 0
1777888920795 0.18395589292049408 0
1777888920795 0.18395589292049408 0
1777888920795 0.18395589292049408 0
1777888920795 0.18395589292049408 0
1777888920795 0.18395589292049408 0
1777888920795 0.18395589292049408 0
1777891273303 0.026735423132777214 10
1777891502504 0.026212770491838455 11
1777888920795 0.18395589292049408 0
1777888920795 0.18395589292049408 0
1777888920795 0.18395589292049408 0
1777888920795 0.18395589292049408 0
1777888920795 0.18395589292049408 0
1777888920795 0.18395589292049408 0
1777888920795 0.18395589292049408 0
1777888920795 0.18395589292049408 0
1777888920795 0.18395589292049408 0
1777888920795 0.18395589292049408 0
1777888920795 0.18395589292049408 0
1777888920795 0.18395589292049408 0
1777888920795 0.18395589292049408 0
1777888920795 0.18395589292049408 0
1777888920795 0.18395589292049408 0
1777888920795 0.18395589292049408 0
1777888920795 0.18395589292049408 0
1777888920795 0.18395589292049408 0
1777888920795 0.18395589292049408 0
1777888920795 0.18395589292049408 0
1777888920795 0.18395589292049408 0
1777888920795 0.18395589292049408 0
1777888920795 0.18395589292049408 0
1777888920795 0.18395589292049408 0
1777888920795 0.18395589292049408 0
1777888920795 0.18395589292049408 0
1777888920795 0.18395589292049408 0
1777888920795 0.18395589292049408 0
1777888920795 0.18395589292049408 0
1777888920795 0.18395589292049408 0
1777888920795 0.18395589292049408 0
1777888920795 0.18395589292049408 0
1777888920795 0.18395589292049408 0
1777888920795 0.18395589292049408 0
1777888920795 0.18395589292049408 0
1777888920795 0.18395589292049408 0
1777888920795 0.18395589292049408 0
1777888920795 0.18395589292049408 0
1777888920795 0.18395589292049408 0
1777888920795 0.18395589292049408 0
1777888920795 0.18395589292049408 0
1777888920795 0.18395589292049408 0
1777888920795 0.18395589292049408 0
1777888920795 0.18395589292049408 0
1777888920795 0.18395589292049408 0
1777888920795 0.18395589292049408 0
1777888920795 0.18395589292049408 0
1777888920795 0.18395589292049408 0
1777888920795 0.18395589292049408 0
1777888920795 0.18395589292049408 0
1777888920795 0.18395589292049408 0
1777888920795 0.18395589292049408 0
1777888920795 0.18395589292049408 0
1777888920795 0.18395589292049408 0
1777888920795 0.18395589292049408 0
1777888920795 0.18395589292049408 0
1777888920795 0.18395589292049408 0
1777888920795 0.18395589292049408 0
1777888920795 0.18395589292049408 0
1777888920795 0.18395589292049408 0
1777888920795 0.18395589292049408 0
1777888920795 0.18395589292049408 0
1777888920795 0.18395589292049408 0
1777888920795 0.18395589292049408 0
1777891739009 0.025565315037965775 12
1777891968397 0.025089958682656288 13
1777892197638 0.024660632014274597 14
1777892426503 0.024324174970388412 15
1777888920795 0.18395589292049408 0
1777888920795 0.18395589292049408 0
1777888920795 0.18395589292049408 0
1777888920795 0.18395589292049408 0
1777888920795 0.18395589292049408 0
1777888920795 0.18395589292049408 0
1777888920795 0.18395589292049408 0
1777888920795 0.18395589292049408 0
1777888920795 0.18395589292049408 0
1777888920795 0.18395589292049408 0
1777888920795 0.18395589292049408 0
1777888920795 0.18395589292049408 0
1777888920795 0.18395589292049408 0
1777888920795 0.18395589292049408 0
1777888920795 0.18395589292049408 0
1777888920795 0.18395589292049408 0
1777888920795 0.18395589292049408 0
1777888920795 0.18395589292049408 0
1777888920795 0.18395589292049408 0
1777888920795 0.18395589292049408 0
1777888920795 0.18395589292049408 0
1777888920795 0.18395589292049408 0
1777888920795 0.18395589292049408 0
1777888920795 0.18395589292049408 0
1777888920795 0.18395589292049408 0
1777888920795 0.18395589292049408 0
1777888920795 0.18395589292049408 0
1777888920795 0.18395589292049408 0
1777888920795 0.18395589292049408 0
1777888920795 0.18395589292049408 0
1777888920795 0.18395589292049408 0
1777888920795 0.18395589292049408 0
1777888920795 0.18395589292049408 0
1777888920795 0.18395589292049408 0
1777888920795 0.18395589292049408 0
1777888920795 0.18395589292049408 0
1777888920795 0.18395589292049408 0
1777888920795 0.18395589292049408 0
1777888920795 0.18395589292049408 0
1777888920795 0.18395589292049408 0
1777888920795 0.18395589292049408 0
1777888920795 0.18395589292049408 0
1777888920795 0.18395589292049408 0
1777888920795 0.18395589292049408 0
1777888920795 0.18395589292049408 0
1777888920795 0.18395589292049408 0
1777888920795 0.18395589292049408 0
1777888920795 0.18395589292049408 0
1777888920795 0.18395589292049408 0
1777888920795 0.18395589292049408 0
1777888920795 0.18395589292049408 0
1777888920795 0.18395589292049408 0
1777888920795 0.18395589292049408 0
1777888920795 0.18395589292049408 0
1777888920795 0.18395589292049408 0
1777888920795 0.18395589292049408 0
1777888920795 0.18395589292049408 0
1777888920795 0.18395589292049408 0
1777888920795 0.18395589292049408 0
1777888920795 0.18395589292049408 0
1777888920795 0.18395589292049408 0
1777888920795 0.18395589292049408 0
1777888920795 0.18395589292049408 0
1777888920795 0.18395589292049408 0
1777888920795 0.18395589292049408 0
1777888920795 0.18395589292049408 0
1777888920795 0.18395589292049408 0
1777888920795 0.18395589292049408 0
1777888920795 0.18395589292049408 0
1777888920795 0.18395589292049408 0
1777888920795 0.18395589292049408 0
1777888920795 0.18395589292049408 0
1777888920795 0.18395589292049408 0
1777888920795 0.18395589292049408 0
1777888920795 0.18395589292049408 0
1777888920795 0.18395589292049408 0
1777888920795 0.18395589292049408 0
1777888920795 0.18395589292049408 0
1777888920795 0.18395589292049408 0
1777888920795 0.18395589292049408 0
1777888920795 0.18395589292049408 0
1777888920795 0.18395589292049408 0
1777888920795 0.18395589292049408 0
1777888920795 0.18395589292049408 0
1777888920795 0.18395589292049408 0
1777888920795 0.18395589292049408 0
1777888920795 0.18395589292049408 0
1777888920795 0.18395589292049408 0
1777888920795 0.18395589292049408 0
1777888920795 0.18395589292049408 0
1777888920795 0.18395589292049408 0
1777888920795 0.18395589292049408 0
1777888920795 0.18395589292049408 0
1777888920795 0.18395589292049408 0
1777888920795 0.18395589292049408 0
1777888920795 0.18395589292049408 0
1777888920795 0.18395589292049408 0
1777888920795 0.18395589292049408 0
1777888920795 0.18395589292049408 0
1777888920795 0.18395589292049408 0
1777888920795 0.18395589292049408 0
1777888920795 0.18395589292049408 0
1777888920795 0.18395589292049408 0
1777888920795 0.18395589292049408 0
1777888920795 0.18395589292049408 0
1777888920795 0.18395589292049408 0
1777888920795 0.18395589292049408 0
1777888920795 0.18395589292049408 0
1777888920795 0.18395589292049408 0
1777888920795 0.18395589292049408 0
1777888920795 0.18395589292049408 0
1777888920795 0.18395589292049408 0
1777888920795 0.18395589292049408 0
1777888920795 0.18395589292049408 0
1777888920795 0.18395589292049408 0
1777888920795 0.18395589292049408 0
1777888920795 0.18395589292049408 0
1777888920795 0.18395589292049408 0
1777888920795 0.18395589292049408 0
1777888920795 0.18395589292049408 0
1777888920795 0.18395589292049408 0
1777888920795 0.18395589292049408 0
1777888920795 0.18395589292049408 0
1777888920795 0.18395589292049408 0
1777888920795 0.18395589292049408 0
1777888920795 0.18395589292049408 0
1777888920795 0.18395589292049408 0
1777888920795 0.18395589292049408 0
1777892664417 0.02394178695976734 16
1777892893127 0.023572953417897224 17
1777893122694 0.02320116199553013 18
1777893351698 0.02281162329018116 19
1777893581360 0.02229420840740204 20
1777893811014 0.022117527201771736 21
1777894049716 0.021898556500673294 22
1777894291673 0.021706009283661842 23
1777894533539 0.021378211677074432 24
1777894777243 0.021357059478759766 25
1777895020260 0.021207790821790695 26
1777895262440 0.02122216299176216 27
