1777888920803 0.27284276485443115 0
1777888920803 0.27284276485443115 0
1777889158638 0.1421014964580536 1
1777888920803 0.27284276485443115 0
1777888920803 0.27284276485443115 0
1777889396983 0.11235534399747849 2
1777888920803 0.27284276485443115 0
1777888920803 0.27284276485443115 0
1777888920803 0.27284276485443115 0
1777888920803 0.27284276485443115 0
1777889635156 0.09726668149232864 3
1777889867020 0.08616627007722855 4
1777888920803 0.27284276485443115 0
1777888920803 0.27284276485443115 0
1777888920803 0.27284276485443115 0
1777888920803 0.27284276485443115 0
1777888920803 0.27284276485443115 0
1777888920803 0.27284276485443115 0
1777888920803 0.27284276485443115 0
1777888920803 0.27284276485443115 0
1777890105706 0.07830539345741272 5
1777890336432 0.07178770005702972 6
1777890567254 0.06609165668487549 7
1777888920803 0.27284276485443115 0
1777888920803 0.27284276485443115 0
1777888920803 0.27284276485443115 0
1777888920803 0.27284276485443115 0
1777888920803 0.27284276485443115 0
1777888920803 0.27284276485443115 0
1777888920803 0.27284276485443115 0
1777888920803 0.27284276485443115 0
1777888920803 0.27284276485443115 0
1777888920803 0.27284276485443115 0
1777888920803 0.27284276485443115 0
1777888920803 0.27284276485443115 0
1777888920803 0.27284276485443115 0
1777888920803 0.27284276485443115 0
1777888920803 0.27284276485443115 0
1777888920803 0.27284276485443115 0
1777890804677 0.06206250190734863 8
1777891034761 0.058102771639823914 9
1777888920803 0.27284276485443115 0
1777888920803 0.27284276485443115 0
1777888920803 0.27284276485443115 0
1777888920803 0.27284276485443115 0
1777888920803 0.27284276485443115 0
1777888920803 0.27284276485443115 0
1777888920803 0.27284276485443115 0
1777888920803 0.27284276485443115 0
1777888920803 0.27284276485443115 0
1777888920803 0.27284276485443115 0
1777888920803 0.27284276485443115 0
1777888920803 0.27284276485443115 0
1777888920803 0.27284276485443115 0
1777888920803 0.27284276485443115 0
1777888920803 0.27284276485443115 0
1777888920803 0.27284276485443115 0
1777888920803 0.27284276485443115 0
1777888920803 0.27284276485443115 0
1777888920803 0.27284276485443115 0
1777888920803 0.27284276485443115 0
1777888920803 0.27284276485443115 0
1777888920803 0.27284276485443115 0
1777888920803 0.27284276485443115 0
1777888920803 0.27284276485443115 0
1777888920803 0.27284276485443115 0
1777888920803 0.27284276485443115 0
1777888920803 0.27284276485443115 0
1777888920803 0.27284276485443115 0
1777888920803 0.27284276485443115 0
1777888920803 0.27284276485443115 0
1777888920803 0.27284276485443115 0
1777888920803 0.27284276485443115 0
1777891273310 0.05404160916805267 10
1777891502513 0.05134176090359688 11
1777888920803 0.27284276485443115 0
1777888920803 0.27284276485443115 0
1777888920803 0.27284276485443115 0
1777888920803 0.27284276485443115 0
1777888920803 0.27284276485443115 0
1777888920803 0.27284276485443115 0
1777888920803 0.27284276485443115 0
1777888920803 0.27284276485443115 0
1777888920803 0.27284276485443115 0
1777888920803 0.27284276485443115 0
1777888920803 0.27284276485443115 0
1777888920803 0.27284276485443115 0
1777888920803 0.27284276485443115 0
1777888920803 0.27284276485443115 0
1777888920803 0.27284276485443115 0
1777888920803 0.27284276485443115 0
1777888920803 0.27284276485443115 0
1777888920803 0.27284276485443115 0
1777888920803 0.27284276485443115 0
1777888920803 0.27284276485443115 0
1777888920803 0.27284276485443115 0
1777888920803 0.27284276485443115 0
1777888920803 0.27284276485443115 0
1777888920803 0.27284276485443115 0
1777888920803 0.27284276485443115 0
1777888920803 0.27284276485443115 0
1777888920803 0.27284276485443115 0
1777888920803 0.27284276485443115 0
1777888920803 0.27284276485443115 0
1777888920803 0.27284276485443115 0
1777888920803 0.27284276485443115 0
1777888920803 0.27284276485443115 0
1777888920803 0.27284276485443115 0
1777888920803 0.27284276485443115 0
1777888920803 0.27284276485443115 0
1777888920803 0.27284276485443115 0
1777888920803 0.27284276485443115 0
1777888920803 0.27284276485443115 0
1777888920803 0.27284276485443115 0
1777888920803 0.27284276485443115 0
1777888920803 0.27284276485443115 0
1777888920803 0.27284276485443115 0
1777888920803 0.27284276485443115 0
1777888920803 0.27284276485443115 0
1777888920803 0.27284276485443115 0
1777888920803 0.27284276485443115 0
1777888920803 0.27284276485443115 0
1777888920803 0.27284276485443115 0
1777888920803 0.27284276485443115 0
1777888920803 0.27284276485443115 0
1777888920803 0.27284276485443115 0
1777888920803 0.27284276485443115 0
1777888920803 0.27284276485443115 0
1777888920803 0.27284276485443115 0
1777888920803 0.27284276485443115 0
1777888920803 0.27284276485443115 0
1777888920803 0.27284276485443115 0
1777888920803 0.27284276485443115 0
1777888920803 0.27284276485443115 0
1777888920803 0.27284276485443115 0
1777888920803 0.27284276485443115 0
1777888920803 0.27284276485443115 0
1777888920803 0.27284276485443115 0
1777888920803 0.27284276485443115 0
1777891739017 0.04837154224514961 12
1777891968406 0.04592804238200188 13
1777892197655 0.04315581172704697 14
1777892426507 0.041191622614860535 15
1777888920803 0.27284276485443115 0
1777888920803 0.27284276485443115 0
1777888920803 0.27284276485443115 0
1777888920803 0.27284276485443115 0
1777888920803 0.27284276485443115 0
1777888920803 0.27284276485443115 0
1777888920803 0.27284276485443115 0
1777888920803 0.27284276485443115 0
1777888920803 0.27284276485443115 0
1777888920803 0.27284276485443115 0
1777888920803 0.27284276485443115 0
1777888920803 0.27284276485443115 0
1777888920803 0.27284276485443115 0
1777888920803 0.27284276485443115 0
1777888920803 0.27284276485443115 0
1777888920803 0.27284276485443115 0
1777888920803 0.27284276485443115 0
1777888920803 0.27284276485443115 0
1777888920803 0.27284276485443115 0
1777888920803 0.27284276485443115 0
1777888920803 0.27284276485443115 0
1777888920803 0.27284276485443115 0
1777888920803 0.27284276485443115 0
1777888920803 0.27284276485443115 0
1777888920803 0.27284276485443115 0
1777888920803 0.27284276485443115 0
1777888920803 0.27284276485443115 0
1777888920803 0.27284276485443115 0
1777888920803 0.27284276485443115 0
1777888920803 0.27284276485443115 0
1777888920803 0.27284276485443115 0
1777888920803 0.27284276485443115 0
1777888920803 0.27284276485443115 0
1777888920803 0.27284276485443115 0
1777888920803 0.27284276485443115 0
1777888920803 0.27284276485443115 0
1777888920803 0.27284276485443115 0
1777888920803 0.27284276485443115 0
1777888920803 0.27284276485443115 0
1777888920803 0.27284276485443115 0
1777888920803 0.27284276485443115 0
1777888920803 0.27284276485443115 0
1777888920803 0.27284276485443115 0
1777888920803 0.27284276485443115 0
1777888920803 0.27284276485443115 0
1777888920803 0.27284276485443115 0
1777888920803 0.27284276485443115 0
1777888920803 0.27284276485443115 0
1777888920803 0.27284276485443115 0
1777888920803 0.27284276485443115 0
1777888920803 0.27284276485443115 0
1777888920803 0.27284276485443115 0
1777888920803 0.27284276485443115 0
1777888920803 0.27284276485443115 0
1777888920803 0.27284276485443115 0
1777888920803 0.27284276485443115 0
1777888920803 0.27284276485443115 0
1777888920803 0.27284276485443115 0
1777888920803 0.27284276485443115 0
1777888920803 0.27284276485443115 0
1777888920803 0.27284276485443115 0
1777888920803 0.27284276485443115 0
1777888920803 0.27284276485443115 0
1777888920803 0.27284276485443115 0
1777888920803 0.27284276485443115 0
1777888920803 0.27284276485443115 0
1777888920803 0.27284276485443115 0
1777888920803 0.27284276485443115 0
1777888920803 0.27284276485443115 0
1777888920803 0.27284276485443115 0
1777888920803 0.27284276485443115 0
1777888920803 0.27284276485443115 0
1777888920803 0.27284276485443115 0
1777888920803 0.27284276485443115 0
1777888920803 0.27284276485443115 0
1777888920803 0.27284276485443115 0
1777888920803 0.27284276485443115 0
1777888920803 0.27284276485443115 0
1777888920803 0.27284276485443115 0
1777888920803 0.27284276485443115 0
1777888920803 0.27284276485443115 0
1777888920803 0.27284276485443115 0
1777888920803 0.27284276485443115 0
1777888920803 0.27284276485443115 0
1777888920803 0.27284276485443115 0
1777888920803 0.27284276485443115 0
1777888920803 0.27284276485443115 0
1777888920803 0.27284276485443115 0
1777888920803 0.27284276485443115 0
1777888920803 0.27284276485443115 0
1777888920803 0.27284276485443115 0
1777888920803 0.27284276485443115 0
1777888920803 0.27284276485443115 0
1777888920803 0.27284276485443115 0
1777888920803 0.27284276485443115 0
1777888920803 0.27284276485443115 0
1777888920803 0.27284276485443115 0
1777888920803 0.27284276485443115 0
1777888920803 0.27284276485443115 0
1777888920803 0.27284276485443115 0
1777888920803 0.27284276485443115 0
1777888920803 0.27284276485443115 0
1777888920803 0.27284276485443115 0
1777888920803 0.27284276485443115 0
1777888920803 0.27284276485443115 0
1777888920803 0.27284276485443115 0
1777888920803 0.27284276485443115 0
1777888920803 0.27284276485443115 0
1777888920803 0.27284276485443115 0
1777888920803 0.27284276485443115 0
1777888920803 0.27284276485443115 0
1777888920803 0.27284276485443115 0
1777888920803 0.27284276485443115 0
1777888920803 0.27284276485443115 0
1777888920803 0.27284276485443115 0
1777888920803 0.27284276485443115 0
1777888920803 0.27284276485443115 0
1777888920803 0.27284276485443115 0
1777888920803 0.27284276485443115 0
1777888920803 0.27284276485443115 0
1777888920803 0.27284276485443115 0
1777888920803 0.27284276485443115 0
1777888920803 0.27284276485443115 0
1777888920803 0.27284276485443115 0
1777888920803 0.27284276485443115 0
1777888920803 0.27284276485443115 0
1777888920803 0.27284276485443115 0
1777888920803 0.27284276485443115 0
1777892664428 0.03905829042196274 16
1777892893140 0.03786333277821541 17
1777893122704 0.035877302289009094 18
1777893351706 0.03427818417549133 19
1777893581369 0.03100404515862465 20
1777893811026 0.030228961259126663 21
1777894049723 0.029482468962669373 22
1777894291682 0.028562646359205246 23
1777894533547 0.027015097439289093 24
1777894777253 0.026748398318886757 25
1777895020270 0.02633589319884777 26
1777895262448 0.02596442960202694 27
