1777888891258 0.45679878715944133 0
1777888891258 0.45679878715944133 0
1777889129241 0.21661657726687522 1
1777888891258 0.45679878715944133 0
1777888891258 0.45679878715944133 0
1777889366230 0.16289423640009654 2
1777888891258 0.45679878715944133 0
1777888891258 0.45679878715944133 0
1777888891258 0.45679878715944133 0
1777888891258 0.45679878715944133 0
1777889604754 0.13937117364317853 3
1777889836645 0.12320519617267411 4
1777888891258 0.45679878715944133 0
1777888891258 0.45679878715944133 0
1777888891258 0.45679878715944133 0
1777888891258 0.45679878715944133 0
1777888891258 0.45679878715944133 0
1777888891258 0.45679878715944133 0
1777888891258 0.45679878715944133 0
1777888891258 0.45679878715944133 0
1777890075486 0.11198665078693223 5
1777890306042 0.10320361626476146 6
1777890537018 0.09569781033689921 7
1777888891258 0.45679878715944133 0
1777888891258 0.45679878715944133 0
1777888891258 0.45679878715944133 0
1777888891258 0.45679878715944133 0
1777888891258 0.45679878715944133 0
1777888891258 0.45679878715944133 0
1777888891258 0.45679878715944133 0
1777888891258 0.45679878715944133 0
1777888891258 0.45679878715944133 0
1777888891258 0.45679878715944133 0
1777888891258 0.45679878715944133 0
1777888891258 0.45679878715944133 0
1777888891258 0.45679878715944133 0
1777888891258 0.45679878715944133 0
1777888891258 0.45679878715944133 0
1777888891258 0.45679878715944133 0
1777890774662 0.09059503031924704 8
1777891004565 0.08561072733651087 9
1777888891258 0.45679878715944133 0
1777888891258 0.45679878715944133 0
1777888891258 0.45679878715944133 0
1777888891258 0.45679878715944133 0
1777888891258 0.45679878715944133 0
1777888891258 0.45679878715944133 0
1777888891258 0.45679878715944133 0
1777888891258 0.45679878715944133 0
1777888891258 0.45679878715944133 0
1777888891258 0.45679878715944133 0
1777888891258 0.45679878715944133 0
1777888891258 0.45679878715944133 0
1777888891258 0.45679878715944133 0
1777888891258 0.45679878715944133 0
1777888891258 0.45679878715944133 0
1777888891258 0.45679878715944133 0
1777888891258 0.45679878715944133 0
1777888891258 0.45679878715944133 0
1777888891258 0.45679878715944133 0
1777888891258 0.45679878715944133 0
1777888891258 0.45679878715944133 0
1777888891258 0.45679878715944133 0
1777888891258 0.45679878715944133 0
1777888891258 0.45679878715944133 0
1777888891258 0.45679878715944133 0
1777888891258 0.45679878715944133 0
1777888891258 0.45679878715944133 0
1777888891258 0.45679878715944133 0
1777888891258 0.45679878715944133 0
1777888891258 0.45679878715944133 0
1777888891258 0.45679878715944133 0
1777888891258 0.45679878715944133 0
1777891242476 0.08077701879213157 10
1777891472349 0.07755454047356994 11
1777888891258 0.45679878715944133 0
1777888891258 0.45679878715944133 0
1777888891258 0.45679878715944133 0
1777888891258 0.45679878715944133 0
1777888891258 0.45679878715944133 0
1777888891258 0.45679878715944133 0
1777888891258 0.45679878715944133 0
1777888891258 0.45679878715944133 0
1777888891258 0.45679878715944133 0
1777888891258 0.45679878715944133 0
1777888891258 0.45679878715944133 0
1777888891258 0.45679878715944133 0
1777888891258 0.45679878715944133 0
1777888891258 0.45679878715944133 0
1777888891258 0.45679878715944133 0
1777888891258 0.45679878715944133 0
1777888891258 0.45679878715944133 0
1777888891258 0.45679878715944133 0
1777888891258 0.45679878715944133 0
1777888891258 0.45679878715944133 0
1777888891258 0.45679878715944133 0
1777888891258 0.45679878715944133 0
1777888891258 0.45679878715944133 0
1777888891258 0.45679878715944133 0
1777888891258 0.45679878715944133 0
1777888891258 0.45679878715944133 0
1777888891258 0.45679878715944133 0
1777888891258 0.45679878715944133 0
1777888891258 0.45679878715944133 0
1777888891258 0.45679878715944133 0
1777888891258 0.45679878715944133 0
1777888891258 0.45679878715944133 0
1777888891258 0.45679878715944133 0
1777888891258 0.45679878715944133 0
1777888891258 0.45679878715944133 0
1777888891258 0.45679878715944133 0
1777888891258 0.45679878715944133 0
1777888891258 0.45679878715944133 0
1777888891258 0.45679878715944133 0
1777888891258 0.45679878715944133 0
1777888891258 0.45679878715944133 0
1777888891258 0.45679878715944133 0
1777888891258 0.45679878715944133 0
1777888891258 0.45679878715944133 0
1777888891258 0.45679878715944133 0
1777888891258 0.45679878715944133 0
1777888891258 0.45679878715944133 0
1777888891258 0.45679878715944133 0
1777888891258 0.45679878715944133 0
1777888891258 0.45679878715944133 0
1777888891258 0.45679878715944133 0
1777888891258 0.45679878715944133 0
1777888891258 0.45679878715944133 0
1777888891258 0.45679878715944133 0
1777888891258 0.45679878715944133 0
1777888891258 0.45679878715944133 0
1777888891258 0.45679878715944133 0
1777888891258 0.45679878715944133 0
1777888891258 0.45679878715944133 0
1777888891258 0.45679878715944133 0
1777888891258 0.45679878715944133 0
1777888891258 0.45679878715944133 0
1777888891258 0.45679878715944133 0
1777888891258 0.45679878715944133 0
1777891708862 0.07393687674142782 12
1777891938354 0.07101802594212267 13
1777892167710 0.06781645028770548 14
1777892396227 0.06551578292520686 15
1777888891258 0.45679878715944133 0
1777888891258 0.45679878715944133 0
1777888891258 0.45679878715944133 0
1777888891258 0.45679878715944133 0
1777888891258 0.45679878715944133 0
1777888891258 0.45679878715944133 0
1777888891258 0.45679878715944133 0
1777888891258 0.45679878715944133 0
1777888891258 0.45679878715944133 0
1777888891258 0.45679878715944133 0
1777888891258 0.45679878715944133 0
1777888891258 0.45679878715944133 0
1777888891258 0.45679878715944133 0
1777888891258 0.45679878715944133 0
1777888891258 0.45679878715944133 0
1777888891258 0.45679878715944133 0
1777888891258 0.45679878715944133 0
1777888891258 0.45679878715944133 0
1777888891258 0.45679878715944133 0
1777888891258 0.45679878715944133 0
1777888891258 0.45679878715944133 0
1777888891258 0.45679878715944133 0
1777888891258 0.45679878715944133 0
1777888891258 0.45679878715944133 0
1777888891258 0.45679878715944133 0
1777888891258 0.45679878715944133 0
1777888891258 0.45679878715944133 0
1777888891258 0.45679878715944133 0
1777888891258 0.45679878715944133 0
1777888891258 0.45679878715944133 0
1777888891258 0.45679878715944133 0
1777888891258 0.45679878715944133 0
1777888891258 0.45679878715944133 0
1777888891258 0.45679878715944133 0
1777888891258 0.45679878715944133 0
1777888891258 0.45679878715944133 0
1777888891258 0.45679878715944133 0
1777888891258 0.45679878715944133 0
1777888891258 0.45679878715944133 0
1777888891258 0.45679878715944133 0
1777888891258 0.45679878715944133 0
1777888891258 0.45679878715944133 0
1777888891258 0.45679878715944133 0
1777888891258 0.45679878715944133 0
1777888891258 0.45679878715944133 0
1777888891258 0.45679878715944133 0
1777888891258 0.45679878715944133 0
1777888891258 0.45679878715944133 0
1777888891258 0.45679878715944133 0
1777888891258 0.45679878715944133 0
1777888891258 0.45679878715944133 0
1777888891258 0.45679878715944133 0
1777888891258 0.45679878715944133 0
1777888891258 0.45679878715944133 0
1777888891258 0.45679878715944133 0
1777888891258 0.45679878715944133 0
1777888891258 0.45679878715944133 0
1777888891258 0.45679878715944133 0
1777888891258 0.45679878715944133 0
1777888891258 0.45679878715944133 0
1777888891258 0.45679878715944133 0
1777888891258 0.45679878715944133 0
1777888891258 0.45679878715944133 0
1777888891258 0.45679878715944133 0
1777888891258 0.45679878715944133 0
1777888891258 0.45679878715944133 0
1777888891258 0.45679878715944133 0
1777888891258 0.45679878715944133 0
1777888891258 0.45679878715944133 0
1777888891258 0.45679878715944133 0
1777888891258 0.45679878715944133 0
1777888891258 0.45679878715944133 0
1777888891258 0.45679878715944133 0
1777888891258 0.45679878715944133 0
1777888891258 0.45679878715944133 0
1777888891258 0.45679878715944133 0
1777888891258 0.45679878715944133 0
1777888891258 0.45679878715944133 0
1777888891258 0.45679878715944133 0
1777888891258 0.45679878715944133 0
1777888891258 0.45679878715944133 0
1777888891258 0.45679878715944133 0
1777888891258 0.45679878715944133 0
1777888891258 0.45679878715944133 0
1777888891258 0.45679878715944133 0
1777888891258 0.45679878715944133 0
1777888891258 0.45679878715944133 0
1777888891258 0.45679878715944133 0
1777888891258 0.45679878715944133 0
1777888891258 0.45679878715944133 0
1777888891258 0.45679878715944133 0
1777888891258 0.45679878715944133 0
1777888891258 0.45679878715944133 0
1777888891258 0.45679878715944133 0
1777888891258 0.45679878715944133 0
1777888891258 0.45679878715944133 0
1777888891258 0.45679878715944133 0
1777888891258 0.45679878715944133 0
1777888891258 0.45679878715944133 0
1777888891258 0.45679878715944133 0
1777888891258 0.45679878715944133 0
1777888891258 0.45679878715944133 0
1777888891258 0.45679878715944133 0
1777888891258 0.45679878715944133 0
1777888891258 0.45679878715944133 0
1777888891258 0.45679878715944133 0
1777888891258 0.45679878715944133 0
1777888891258 0.45679878715944133 0
1777888891258 0.45679878715944133 0
1777888891258 0.45679878715944133 0
1777888891258 0.45679878715944133 0
1777888891258 0.45679878715944133 0
1777888891258 0.45679878715944133 0
1777888891258 0.45679878715944133 0
1777888891258 0.45679878715944133 0
1777888891258 0.45679878715944133 0
1777888891258 0.45679878715944133 0
1777888891258 0.45679878715944133 0
1777888891258 0.45679878715944133 0
1777888891258 0.45679878715944133 0
1777888891258 0.45679878715944133 0
1777888891258 0.45679878715944133 0
1777888891258 0.45679878715944133 0
1777888891258 0.45679878715944133 0
1777888891258 0.45679878715944133 0
1777888891258 0.45679878715944133 0
1777888891258 0.45679878715944133 0
1777888891258 0.45679878715944133 0
1777892633736 0.06300007046763952 16
1777892862880 0.061436287962310134 17
1777893092858 0.05907847263328852 18
1777893321476 0.057089801877737045 19
1777893550725 0.053298234716540015 20
1777893780949 0.052346477604510326 21
1777894017629 0.051381030635347644 22
1777894259283 0.05026863879466906 23
1777894501057 0.04839330846534192 24
1777894743629 0.04810546543509443 25
1777894987834 0.04754367955390689 26
1777895230201 0.04718660644005417 27
