1776411485082 0.06702789518174135 0
1776411562150 0.034014700760777686 1
1776411633100 0.0009883063398140324 2
1776411704748 0.0009406 3
1776411775250 0.0009208 4
1776411846029 0.000901 5
1776411916007 0.0008812 6
1776411986977 0.0008614 7
1776412057526 0.0008416000000000001 8
1776412128244 0.0008218000000000001 9
1776412199488 0.0008020000000000001 10
1776412270557 0.0007822 11
1776412342272 0.0007624 12
1776412413600 0.0007426 13
1776412484605 0.0007228 14
1776412556067 0.000703 15
1776412626398 0.0006831999999999999 16
