1777043715211 2.0837656867639147 0
1777043715211 2.0837656867639147 0
1777043832041 0.40357389411976424 1
1777043715211 2.0837656867639147 0
1777043715211 2.0837656867639147 0
1777043932081 0.20450653104431035 2
1777043715211 2.0837656867639147 0
1777043715211 2.0837656867639147 0
1777043715211 2.0837656867639147 0
1777043715211 2.0837656867639147 0
1777044034336 0.12576591976975546 3
1777043715211 2.0837656867639147 0
1777043715211 2.0837656867639147 0
1777043715211 2.0837656867639147 0
1777043715211 2.0837656867639147 0
1777043715211 2.0837656867639147 0
1777043715211 2.0837656867639147 0
1777043715211 2.0837656867639147 0
1777043715211 2.0837656867639147 0
1777044139571 0.08280165204145376 4
1777043715211 2.0837656867639147 0
1777043715211 2.0837656867639147 0
1777043715211 2.0837656867639147 0
1777043715211 2.0837656867639147 0
1777043715211 2.0837656867639147 0
1777043715211 2.0837656867639147 0
1777043715211 2.0837656867639147 0
1777043715211 2.0837656867639147 0
1777043715211 2.0837656867639147 0
1777043715211 2.0837656867639147 0
1777043715211 2.0837656867639147 0
1777043715211 2.0837656867639147 0
1777043715211 2.0837656867639147 0
1777043715211 2.0837656867639147 0
1777043715211 2.0837656867639147 0
1777043715211 2.0837656867639147 0
1777044243898 0.06006907128569185 5
