1776868253721 5.6865495076843064 0
1776868253721 5.6865495076843064 0
1776868376755 3.836303183947566 1
1776868471418 2.6571627662405612 2
1776868253721 5.6865495076843064 0
1776868253721 5.6865495076843064 0
1776868575665 1.7496291047932646 3
1776868672196 1.1139408739639332 4
1776868768271 0.6907909120942397 5
1776868864371 0.4796610997332724 6
1776868253721 5.6865495076843064 0
1776868253721 5.6865495076843064 0
1776868253721 5.6865495076843064 0
1776868253721 5.6865495076843064 0
1776868967953 0.3617219254133385 7
1776869065567 0.2815689542436291 8
1776869161072 0.23944346076269366 9
1776869256770 0.22238957698676964 10
1776869370285 0.21266979794093321 11
