1777888920803 0.27284276485443115 0 967dd214a5a44bdb993fdb823bbbc971
1777888920803 0.27284276485443115 0 967dd214a5a44bdb993fdb823bbbc971
1777888920803 0.27284276485443115 0 967dd214a5a44bdb993fdb823bbbc971
1777888920803 0.27284276485443115 0 967dd214a5a44bdb993fdb823bbbc971
1777888920803 0.27284276485443115 0 967dd214a5a44bdb993fdb823bbbc971
1777888920803 0.27284276485443115 0 967dd214a5a44bdb993fdb823bbbc971
1777888920803 0.27284276485443115 0 967dd214a5a44bdb993fdb823bbbc971
1777888920803 0.27284276485443115 0 967dd214a5a44bdb993fdb823bbbc971
1777888920803 0.27284276485443115 0 967dd214a5a44bdb993fdb823bbbc971
1777888920803 0.27284276485443115 0 967dd214a5a44bdb993fdb823bbbc971
1777888920803 0.27284276485443115 0 967dd214a5a44bdb993fdb823bbbc971
1777888920803 0.27284276485443115 0 967dd214a5a44bdb993fdb823bbbc971
1777888920803 0.27284276485443115 0 967dd214a5a44bdb993fdb823bbbc971
1777888920803 0.27284276485443115 0 967dd214a5a44bdb993fdb823bbbc971
1777888920803 0.27284276485443115 0 967dd214a5a44bdb993fdb823bbbc971
1777888920803 0.27284276485443115 0 967dd214a5a44bdb993fdb823bbbc971
