1777129148943 0.7443371592601912 0
1777129148943 0.7443371592601912 0
1777129404931 0.39892412500281166 1
1777129148943 0.7443371592601912 0
1777129148943 0.7443371592601912 0
1777129632867 0.2749790122497429 2
1777129846933 0.20897019929388194 3
1777129148943 0.7443371592601912 0
1777129148943 0.7443371592601912 0
1777129148943 0.7443371592601912 0
1777129148943 0.7443371592601912 0
1777130062825 0.17665157590097594 4
1777129148943 0.7443371592601912 0
1777129148943 0.7443371592601912 0
1777129148943 0.7443371592601912 0
1777129148943 0.7443371592601912 0
1777129148943 0.7443371592601912 0
1777129148943 0.7443371592601912 0
1777129148943 0.7443371592601912 0
1777129148943 0.7443371592601912 0
1777130281326 0.1566643162742016 5
1777130493047 0.14216640229942729 6
1777129148943 0.7443371592601912 0
1777129148943 0.7443371592601912 0
1777129148943 0.7443371592601912 0
1777129148943 0.7443371592601912 0
1777129148943 0.7443371592601912 0
1777129148943 0.7443371592601912 0
1777129148943 0.7443371592601912 0
1777129148943 0.7443371592601912 0
1777129148943 0.7443371592601912 0
1777129148943 0.7443371592601912 0
1777129148943 0.7443371592601912 0
1777129148943 0.7443371592601912 0
1777129148943 0.7443371592601912 0
1777129148943 0.7443371592601912 0
1777129148943 0.7443371592601912 0
1777129148943 0.7443371592601912 0
1777130712254 0.13025516700783207 7
1777130933411 0.12005432045334366 8
1777131163212 0.11123050696255705 9
1777131377545 0.10357351914578657 10
1777129148943 0.7443371592601912 0
1777129148943 0.7443371592601912 0
1777129148943 0.7443371592601912 0
1777129148943 0.7443371592601912 0
1777129148943 0.7443371592601912 0
1777129148943 0.7443371592601912 0
1777129148943 0.7443371592601912 0
1777129148943 0.7443371592601912 0
1777129148943 0.7443371592601912 0
1777129148943 0.7443371592601912 0
1777129148943 0.7443371592601912 0
1777129148943 0.7443371592601912 0
1777129148943 0.7443371592601912 0
1777129148943 0.7443371592601912 0
1777129148943 0.7443371592601912 0
1777129148943 0.7443371592601912 0
1777129148943 0.7443371592601912 0
1777129148943 0.7443371592601912 0
1777129148943 0.7443371592601912 0
1777129148943 0.7443371592601912 0
1777129148943 0.7443371592601912 0
1777129148943 0.7443371592601912 0
1777129148943 0.7443371592601912 0
1777129148943 0.7443371592601912 0
1777129148943 0.7443371592601912 0
1777129148943 0.7443371592601912 0
1777129148943 0.7443371592601912 0
1777129148943 0.7443371592601912 0
1777129148943 0.7443371592601912 0
1777129148943 0.7443371592601912 0
1777129148943 0.7443371592601912 0
1777129148943 0.7443371592601912 0
1777131599714 0.09757988024683832 11
