1777129148943 0.7443371592601912 0 b0f58953a3f648e7ad7525fc5d6634fc
1777129148943 0.7443371592601912 0 b0f58953a3f648e7ad7525fc5d6634fc
1777129148943 0.7443371592601912 0 b0f58953a3f648e7ad7525fc5d6634fc
1777129148943 0.7443371592601912 0 b0f58953a3f648e7ad7525fc5d6634fc
1777129148943 0.7443371592601912 0 b0f58953a3f648e7ad7525fc5d6634fc
1777129148943 0.7443371592601912 0 b0f58953a3f648e7ad7525fc5d6634fc
1777129148943 0.7443371592601912 0 b0f58953a3f648e7ad7525fc5d6634fc
1777129148943 0.7443371592601912 0 b0f58953a3f648e7ad7525fc5d6634fc
1777129148943 0.7443371592601912 0 b0f58953a3f648e7ad7525fc5d6634fc
1777129148943 0.7443371592601912 0 b0f58953a3f648e7ad7525fc5d6634fc
1777129148943 0.7443371592601912 0 b0f58953a3f648e7ad7525fc5d6634fc
1777129148943 0.7443371592601912 0 b0f58953a3f648e7ad7525fc5d6634fc
1777129148943 0.7443371592601912 0 b0f58953a3f648e7ad7525fc5d6634fc
1777129148943 0.7443371592601912 0 b0f58953a3f648e7ad7525fc5d6634fc
1777129148943 0.7443371592601912 0 b0f58953a3f648e7ad7525fc5d6634fc
1777129148943 0.7443371592601912 0 b0f58953a3f648e7ad7525fc5d6634fc
