1777710116639 0.7259437275935917 0
1777710116639 0.7259437275935917 0
1777710364432 0.3590078275759243 1
1777710116639 0.7259437275935917 0
1777710116639 0.7259437275935917 0
1777710589896 0.2668844455171943 2
1777710809227 0.22169667822354047 3
1777711027663 0.19571885153120774 4
1777710116639 0.7259437275935917 0
1777710116639 0.7259437275935917 0
1777710116639 0.7259437275935917 0
1777710116639 0.7259437275935917 0
1777711254167 0.17582601851340637 5
1777711484571 0.1570808844080249 6
1777711703629 0.14604133796730473 7
1777711921528 0.1373608704523747 8
1777710116639 0.7259437275935917 0
1777710116639 0.7259437275935917 0
1777710116639 0.7259437275935917 0
1777710116639 0.7259437275935917 0
1777710116639 0.7259437275935917 0
1777710116639 0.7259437275935917 0
1777710116639 0.7259437275935917 0
1777710116639 0.7259437275935917 0
1777712147719 0.12805540366610663 9
1777710116639 0.7259437275935917 0
1777710116639 0.7259437275935917 0
1777710116639 0.7259437275935917 0
1777710116639 0.7259437275935917 0
1777710116639 0.7259437275935917 0
1777710116639 0.7259437275935917 0
1777710116639 0.7259437275935917 0
1777710116639 0.7259437275935917 0
1777710116639 0.7259437275935917 0
1777710116639 0.7259437275935917 0
1777710116639 0.7259437275935917 0
1777710116639 0.7259437275935917 0
1777710116639 0.7259437275935917 0
1777710116639 0.7259437275935917 0
1777710116639 0.7259437275935917 0
1777710116639 0.7259437275935917 0
1777712373531 0.12034274987321841 10
1777712590506 0.11160405914519211 11
1777712807919 0.10537363459811241 12
1777713024291 0.1000611533721288 13
1777713241777 0.09022151854817535 14
1777713463597 0.0861206514441369 15
1777713681485 0.0830153189599514 16
1777713897861 0.08066747432821778 17
1777714114272 0.07629178085855681 18
1777714330528 0.07477234824768549 19
1777714548326 0.07319213042463685 20
1777714765388 0.07213097505729561 21
1777714982491 0.0701635833648802 22
1777715202089 0.06932451393949561 23
1777715421131 0.06839682310096269 24
1777715640184 0.06817595782451645 25
1777715858814 0.06696166061949961 26
1777716080133 0.0663360629146346 27
1777716301350 0.0660194223294559 28
1777716522873 0.06583317788769898 29
1777716741410 0.06588151384277637 30
1777716958136 0.06520249617427684 31
1777717177434 0.06434715278808353 32
1777717398125 0.06440976234363892 33
1777717617604 0.0646993249871777 34
1777717835954 0.0640942676408777 35
1777718053025 0.06428008131128299 36
1777718268759 0.06448406369265615 37
1777718487494 0.06394286585133824 38
1777718709274 0.06420718407119748 39
1777718930819 0.06394711087388513 40
1777719148056 0.06400109040264558 41
1777719365564 0.06366254643666705 42
1777719583350 0.06362033664312178 43
1777719801405 0.06354155399893865 44
1777720020655 0.0636692766980253 45
1777720237535 0.06382618303196716 46
1777720454557 0.0639705665915915 47
1777720663700 0.06311249143434959 48
1777720885129 0.06352408977773968 49
