1776956450089 10.158738324943098 0
1776956450089 10.158738324943098 0
1776956573295 1.9978256663458247 1
1776956450089 10.158738324943098 0
1776956450089 10.158738324943098 0
1776956684218 1.2676378048739387 2
1776956450089 10.158738324943098 0
1776956450089 10.158738324943098 0
1776956450089 10.158738324943098 0
1776956450089 10.158738324943098 0
1776956791832 0.9374747448947437 3
1776956893979 0.7283430353144612 4
1776956997832 0.5729201696451428 5
1776957101012 0.4598426582550925 6
1776957205267 0.365019009144175 7
1776957307700 0.30814192195733386 8
1776957411237 0.26443543733613006 9
1776957515141 0.2394272053560007 10
1776957618950 0.21246395062377924 11
1776957723729 0.19920070213793165 12
