1776785457795 8.04315889383211 0
1776785457795 8.04315889383211 0
1776785614941 5.9827912370749665 1
1776785457795 8.04315889383211 0
1776785457795 8.04315889383211 0
1776785770097 4.330336404078215 2
1776785457795 8.04315889383211 0
1776785457795 8.04315889383211 0
1776785457795 8.04315889383211 0
1776785457795 8.04315889383211 0
1776785934031 2.8728755353723914 3
1776785457795 8.04315889383211 0
1776785457795 8.04315889383211 0
1776785457795 8.04315889383211 0
1776785457795 8.04315889383211 0
1776785457795 8.04315889383211 0
1776785457795 8.04315889383211 0
1776785457795 8.04315889383211 0
1776785457795 8.04315889383211 0
