1777124316569 3.0522192658729925 0
1777124316569 3.0522192658729925 0
1777124553639 1.9883654966323507 1
1777124316569 3.0522192658729925 0
1777124316569 3.0522192658729925 0
1777124800366 1.670591186165424 2
1777125038364 1.5077158447993997 3
1777124316569 3.0522192658729925 0
1777124316569 3.0522192658729925 0
1777124316569 3.0522192658729925 0
1777124316569 3.0522192658729925 0
1777125274241 1.382581647931565 4
1777124316569 3.0522192658729925 0
1777124316569 3.0522192658729925 0
1777124316569 3.0522192658729925 0
1777124316569 3.0522192658729925 0
1777124316569 3.0522192658729925 0
1777124316569 3.0522192658729925 0
1777124316569 3.0522192658729925 0
1777124316569 3.0522192658729925 0
1777125514282 1.2886789194202732 5
1777125751913 1.2183741232723866 6
1777124316569 3.0522192658729925 0
1777124316569 3.0522192658729925 0
1777124316569 3.0522192658729925 0
1777124316569 3.0522192658729925 0
1777124316569 3.0522192658729925 0
1777124316569 3.0522192658729925 0
1777124316569 3.0522192658729925 0
1777124316569 3.0522192658729925 0
1777124316569 3.0522192658729925 0
1777124316569 3.0522192658729925 0
1777124316569 3.0522192658729925 0
1777124316569 3.0522192658729925 0
1777124316569 3.0522192658729925 0
1777124316569 3.0522192658729925 0
1777124316569 3.0522192658729925 0
1777124316569 3.0522192658729925 0
1777125998321 1.1515328378739094 7
1777126232943 1.096281358339254 8
1777126470235 1.0512760987559568 9
