1777907365435 0.5102012049418823 0 7e4bba39bf0f4cdfa1dc610a8d4ae09d
1777907365435 0.5102012049418823 0 7e4bba39bf0f4cdfa1dc610a8d4ae09d
1777907365435 0.5102012049418823 0 7e4bba39bf0f4cdfa1dc610a8d4ae09d
1777907365435 0.5102012049418823 0 7e4bba39bf0f4cdfa1dc610a8d4ae09d
1777907365435 0.5102012049418823 0 7e4bba39bf0f4cdfa1dc610a8d4ae09d
1777907365435 0.5102012049418823 0 7e4bba39bf0f4cdfa1dc610a8d4ae09d
1777907365435 0.5102012049418823 0 7e4bba39bf0f4cdfa1dc610a8d4ae09d
1777907365435 0.5102012049418823 0 7e4bba39bf0f4cdfa1dc610a8d4ae09d
1777907365435 0.5102012049418823 0 7e4bba39bf0f4cdfa1dc610a8d4ae09d
1777907365435 0.5102012049418823 0 7e4bba39bf0f4cdfa1dc610a8d4ae09d
1777907365435 0.5102012049418823 0 7e4bba39bf0f4cdfa1dc610a8d4ae09d
1777907365435 0.5102012049418823 0 7e4bba39bf0f4cdfa1dc610a8d4ae09d
1777907365435 0.5102012049418823 0 7e4bba39bf0f4cdfa1dc610a8d4ae09d
1777907365435 0.5102012049418823 0 7e4bba39bf0f4cdfa1dc610a8d4ae09d
1777907365435 0.5102012049418823 0 7e4bba39bf0f4cdfa1dc610a8d4ae09d
1777907365435 0.5102012049418823 0 7e4bba39bf0f4cdfa1dc610a8d4ae09d
1777907365435 0.5102012049418823 0 7e4bba39bf0f4cdfa1dc610a8d4ae09d
1777907365435 0.5102012049418823 0 7e4bba39bf0f4cdfa1dc610a8d4ae09d
1777907365435 0.5102012049418823 0 7e4bba39bf0f4cdfa1dc610a8d4ae09d
1777907365435 0.5102012049418823 0 7e4bba39bf0f4cdfa1dc610a8d4ae09d
1777907365435 0.5102012049418823 0 7e4bba39bf0f4cdfa1dc610a8d4ae09d
1777907365435 0.5102012049418823 0 7e4bba39bf0f4cdfa1dc610a8d4ae09d
1777907365435 0.5102012049418823 0 7e4bba39bf0f4cdfa1dc610a8d4ae09d
1777907365435 0.5102012049418823 0 7e4bba39bf0f4cdfa1dc610a8d4ae09d
1777907365435 0.5102012049418823 0 7e4bba39bf0f4cdfa1dc610a8d4ae09d
1777907365435 0.5102012049418823 0 7e4bba39bf0f4cdfa1dc610a8d4ae09d
1777907365435 0.5102012049418823 0 7e4bba39bf0f4cdfa1dc610a8d4ae09d
1777907365435 0.5102012049418823 0 7e4bba39bf0f4cdfa1dc610a8d4ae09d
1777907365435 0.5102012049418823 0 7e4bba39bf0f4cdfa1dc610a8d4ae09d
1777907365435 0.5102012049418823 0 7e4bba39bf0f4cdfa1dc610a8d4ae09d
1777907365435 0.5102012049418823 0 7e4bba39bf0f4cdfa1dc610a8d4ae09d
1777907365435 0.5102012049418823 0 7e4bba39bf0f4cdfa1dc610a8d4ae09d
1777907365435 0.5102012049418823 0 7e4bba39bf0f4cdfa1dc610a8d4ae09d
1777907365435 0.5102012049418823 0 7e4bba39bf0f4cdfa1dc610a8d4ae09d
1777907365435 0.5102012049418823 0 7e4bba39bf0f4cdfa1dc610a8d4ae09d
1777907365435 0.5102012049418823 0 7e4bba39bf0f4cdfa1dc610a8d4ae09d
1777907365435 0.5102012049418823 0 7e4bba39bf0f4cdfa1dc610a8d4ae09d
1777907365435 0.5102012049418823 0 7e4bba39bf0f4cdfa1dc610a8d4ae09d
1777907365435 0.5102012049418823 0 7e4bba39bf0f4cdfa1dc610a8d4ae09d
1777907365435 0.5102012049418823 0 7e4bba39bf0f4cdfa1dc610a8d4ae09d
1777907365435 0.5102012049418823 0 7e4bba39bf0f4cdfa1dc610a8d4ae09d
1777907365435 0.5102012049418823 0 7e4bba39bf0f4cdfa1dc610a8d4ae09d
1777907365435 0.5102012049418823 0 7e4bba39bf0f4cdfa1dc610a8d4ae09d
1777907365435 0.5102012049418823 0 7e4bba39bf0f4cdfa1dc610a8d4ae09d
1777907365435 0.5102012049418823 0 7e4bba39bf0f4cdfa1dc610a8d4ae09d
1777907365435 0.5102012049418823 0 7e4bba39bf0f4cdfa1dc610a8d4ae09d
1777907365435 0.5102012049418823 0 7e4bba39bf0f4cdfa1dc610a8d4ae09d
1777907365435 0.5102012049418823 0 7e4bba39bf0f4cdfa1dc610a8d4ae09d
1777907365435 0.5102012049418823 0 7e4bba39bf0f4cdfa1dc610a8d4ae09d
1777907365435 0.5102012049418823 0 7e4bba39bf0f4cdfa1dc610a8d4ae09d
1777907365435 0.5102012049418823 0 7e4bba39bf0f4cdfa1dc610a8d4ae09d
1777907365435 0.5102012049418823 0 7e4bba39bf0f4cdfa1dc610a8d4ae09d
1777907365435 0.5102012049418823 0 7e4bba39bf0f4cdfa1dc610a8d4ae09d
1777907365435 0.5102012049418823 0 7e4bba39bf0f4cdfa1dc610a8d4ae09d
1777907365435 0.5102012049418823 0 7e4bba39bf0f4cdfa1dc610a8d4ae09d
1777907365435 0.5102012049418823 0 7e4bba39bf0f4cdfa1dc610a8d4ae09d
1777907365435 0.5102012049418823 0 7e4bba39bf0f4cdfa1dc610a8d4ae09d
1777907365435 0.5102012049418823 0 7e4bba39bf0f4cdfa1dc610a8d4ae09d
1777907365435 0.5102012049418823 0 7e4bba39bf0f4cdfa1dc610a8d4ae09d
1777907365435 0.5102012049418823 0 7e4bba39bf0f4cdfa1dc610a8d4ae09d
1777907365435 0.5102012049418823 0 7e4bba39bf0f4cdfa1dc610a8d4ae09d
1777907365435 0.5102012049418823 0 7e4bba39bf0f4cdfa1dc610a8d4ae09d
1777907365435 0.5102012049418823 0 7e4bba39bf0f4cdfa1dc610a8d4ae09d
1777907365435 0.5102012049418823 0 7e4bba39bf0f4cdfa1dc610a8d4ae09d
