1776764426912 7.3568200679272895 0
1776764426912 7.3568200679272895 0
1776764580940 5.274465370332539 1
1776764426912 7.3568200679272895 0
1776764426912 7.3568200679272895 0
1776764732846 3.894994072157974 2
1776764426912 7.3568200679272895 0
1776764426912 7.3568200679272895 0
1776764426912 7.3568200679272895 0
1776764426912 7.3568200679272895 0
1776764885828 2.7161855539457695 3
1776765042421 1.8078404699714439 4
1776764426912 7.3568200679272895 0
1776764426912 7.3568200679272895 0
1776764426912 7.3568200679272895 0
1776764426912 7.3568200679272895 0
1776764426912 7.3568200679272895 0
1776764426912 7.3568200679272895 0
1776764426912 7.3568200679272895 0
1776764426912 7.3568200679272895 0
