1776869697185 5.987411357052504 0
1776869697185 5.987411357052504 0
1776869819166 4.031930994447381 1
1776869915378 2.8303846761246714 2
1776870012104 1.910376184966572 3
1776869697185 5.987411357052504 0
1776869697185 5.987411357052504 0
1776870114994 1.183353302162442 4
1776869697185 5.987411357052504 0
1776869697185 5.987411357052504 0
1776869697185 5.987411357052504 0
1776869697185 5.987411357052504 0
1776870217263 0.7650398096027498 5
1776869697185 5.987411357052504 0
1776869697185 5.987411357052504 0
1776869697185 5.987411357052504 0
1776869697185 5.987411357052504 0
1776869697185 5.987411357052504 0
1776869697185 5.987411357052504 0
1776869697185 5.987411357052504 0
1776869697185 5.987411357052504 0
1776870319732 0.520774622372439 6
1776869697185 5.987411357052504 0
1776869697185 5.987411357052504 0
1776869697185 5.987411357052504 0
1776869697185 5.987411357052504 0
1776869697185 5.987411357052504 0
1776869697185 5.987411357052504 0
1776869697185 5.987411357052504 0
1776869697185 5.987411357052504 0
1776869697185 5.987411357052504 0
1776869697185 5.987411357052504 0
1776869697185 5.987411357052504 0
1776869697185 5.987411357052504 0
1776869697185 5.987411357052504 0
1776869697185 5.987411357052504 0
1776869697185 5.987411357052504 0
1776869697185 5.987411357052504 0
1776870422891 0.3927603367366451 7
1776870520143 0.3176527867232326 8
1776870617369 0.27188585380327357 9
1776870721969 0.24692724982704545 10
1776870826698 0.2217772334428281 11
1776870928425 0.21225111596406857 12
1776871027953 0.20495931466613387 13
1776871124502 0.20073071445269106 14
1776871221350 0.19711571266350236 15
1776871318790 0.19482493559712344 16
1776871415638 0.192001173797163 17
1776871512289 0.1909168446044706 18
1776871608769 0.18882547106750575 19
1776871705334 0.18682201505671814 20
1776871802268 0.1860811874318663 21
1776871899220 0.18440064045217816 22
1776871995874 0.18247043232894639 23
1776872092420 0.18200914605149945 24
1776872189084 0.1816145418193734 25
1776872286358 0.18024139689781904 26
1776872383075 0.1792569090295764 27
1776872479835 0.17907144558468296 28
1776872576425 0.17879425852429906 29
1776872673047 0.17868628979790172 30
1776872769718 0.17697347850089706 31
1776872866234 0.1768200414369793 32
1776872962816 0.17680897062168152 33
1776873059133 0.17646987172006404 34
1776873156667 0.17684019166481918 35
1776873253446 0.176197850299113 36
1776873349995 0.17712329897101256 37
1776873446735 0.17639226169840802 38
1776873543452 0.1758221785709696 39
1776873640165 0.17583201227643344 40
1776873736501 0.17554397456661397 41
1776873833224 0.17503849045647774 42
1776873930078 0.17601893955546288 43
1776874027580 0.17481407055384132 44
1776874124401 0.17572718742981697 45
1776874221432 0.17617591345098027 46
1776874318191 0.1757840713347432 47
1776874415113 0.17561681925478875 48
1776874511925 0.17490487480626524 49
