1776959457391 7.332641948774023 0
1776959457391 7.332641948774023 0
1776959579872 5.10730911304264 1
1776959457391 7.332641948774023 0
1776959457391 7.332641948774023 0
1776959682068 4.334455457705896 2
1776959457391 7.332641948774023 0
1776959457391 7.332641948774023 0
1776959457391 7.332641948774023 0
1776959457391 7.332641948774023 0
1776959784003 3.8306267716738014 3
1776959881250 3.5366506229326564 4
1776959457391 7.332641948774023 0
1776959457391 7.332641948774023 0
1776959457391 7.332641948774023 0
1776959457391 7.332641948774023 0
1776959457391 7.332641948774023 0
1776959457391 7.332641948774023 0
1776959457391 7.332641948774023 0
1776959457391 7.332641948774023 0
1776959998457 3.257482442655224 5
1776960105549 3.019592777039241 6
