1777473931396 0.6386485003344835 0
1777473931396 0.6386485003344835 0
1777474167190 0.32539231983589123 1
1777473931396 0.6386485003344835 0
1777473931396 0.6386485003344835 0
1777474398286 0.24067897033729985 2
1777473931396 0.6386485003344835 0
1777473931396 0.6386485003344835 0
1777473931396 0.6386485003344835 0
1777473931396 0.6386485003344835 0
1777474626230 0.20311398420808385 3
1777474844567 0.18036033975074978 4
1777473931396 0.6386485003344835 0
1777473931396 0.6386485003344835 0
1777473931396 0.6386485003344835 0
1777473931396 0.6386485003344835 0
1777473931396 0.6386485003344835 0
1777473931396 0.6386485003344835 0
1777473931396 0.6386485003344835 0
1777473931396 0.6386485003344835 0
1777475136033 0.16386105930342257 5
1777475392924 0.1482017644497183 6
1777473931396 0.6386485003344835 0
1777473931396 0.6386485003344835 0
1777473931396 0.6386485003344835 0
1777473931396 0.6386485003344835 0
1777473931396 0.6386485003344835 0
1777473931396 0.6386485003344835 0
1777473931396 0.6386485003344835 0
1777473931396 0.6386485003344835 0
1777473931396 0.6386485003344835 0
1777473931396 0.6386485003344835 0
1777473931396 0.6386485003344835 0
1777473931396 0.6386485003344835 0
1777473931396 0.6386485003344835 0
1777473931396 0.6386485003344835 0
1777473931396 0.6386485003344835 0
1777473931396 0.6386485003344835 0
1777475620412 0.13781524888423655 7
1777473931396 0.6386485003344835 0
1777473931396 0.6386485003344835 0
1777473931396 0.6386485003344835 0
1777473931396 0.6386485003344835 0
1777473931396 0.6386485003344835 0
1777473931396 0.6386485003344835 0
1777473931396 0.6386485003344835 0
1777473931396 0.6386485003344835 0
1777473931396 0.6386485003344835 0
1777473931396 0.6386485003344835 0
1777473931396 0.6386485003344835 0
1777473931396 0.6386485003344835 0
1777473931396 0.6386485003344835 0
1777473931396 0.6386485003344835 0
1777473931396 0.6386485003344835 0
1777473931396 0.6386485003344835 0
1777473931396 0.6386485003344835 0
1777473931396 0.6386485003344835 0
1777473931396 0.6386485003344835 0
1777473931396 0.6386485003344835 0
1777473931396 0.6386485003344835 0
1777473931396 0.6386485003344835 0
1777473931396 0.6386485003344835 0
1777473931396 0.6386485003344835 0
1777473931396 0.6386485003344835 0
1777473931396 0.6386485003344835 0
1777473931396 0.6386485003344835 0
1777473931396 0.6386485003344835 0
1777473931396 0.6386485003344835 0
1777473931396 0.6386485003344835 0
1777473931396 0.6386485003344835 0
1777473931396 0.6386485003344835 0
1777475846532 0.13013783181658842 8
1777473931396 0.6386485003344835 0
1777473931396 0.6386485003344835 0
1777473931396 0.6386485003344835 0
1777473931396 0.6386485003344835 0
1777473931396 0.6386485003344835 0
1777473931396 0.6386485003344835 0
1777473931396 0.6386485003344835 0
1777473931396 0.6386485003344835 0
1777473931396 0.6386485003344835 0
1777473931396 0.6386485003344835 0
1777473931396 0.6386485003344835 0
1777473931396 0.6386485003344835 0
1777473931396 0.6386485003344835 0
1777473931396 0.6386485003344835 0
1777473931396 0.6386485003344835 0
1777473931396 0.6386485003344835 0
1777473931396 0.6386485003344835 0
1777473931396 0.6386485003344835 0
1777473931396 0.6386485003344835 0
1777473931396 0.6386485003344835 0
1777473931396 0.6386485003344835 0
1777473931396 0.6386485003344835 0
1777473931396 0.6386485003344835 0
1777473931396 0.6386485003344835 0
1777473931396 0.6386485003344835 0
1777473931396 0.6386485003344835 0
1777473931396 0.6386485003344835 0
1777473931396 0.6386485003344835 0
1777473931396 0.6386485003344835 0
1777473931396 0.6386485003344835 0
1777473931396 0.6386485003344835 0
1777473931396 0.6386485003344835 0
1777473931396 0.6386485003344835 0
1777473931396 0.6386485003344835 0
1777473931396 0.6386485003344835 0
1777473931396 0.6386485003344835 0
1777473931396 0.6386485003344835 0
1777473931396 0.6386485003344835 0
1777473931396 0.6386485003344835 0
1777473931396 0.6386485003344835 0
1777473931396 0.6386485003344835 0
1777473931396 0.6386485003344835 0
1777473931396 0.6386485003344835 0
1777473931396 0.6386485003344835 0
1777473931396 0.6386485003344835 0
1777473931396 0.6386485003344835 0
1777473931396 0.6386485003344835 0
1777473931396 0.6386485003344835 0
1777473931396 0.6386485003344835 0
1777473931396 0.6386485003344835 0
1777473931396 0.6386485003344835 0
1777473931396 0.6386485003344835 0
1777473931396 0.6386485003344835 0
1777473931396 0.6386485003344835 0
1777473931396 0.6386485003344835 0
1777473931396 0.6386485003344835 0
1777473931396 0.6386485003344835 0
1777473931396 0.6386485003344835 0
1777473931396 0.6386485003344835 0
1777473931396 0.6386485003344835 0
1777473931396 0.6386485003344835 0
1777473931396 0.6386485003344835 0
1777473931396 0.6386485003344835 0
1777473931396 0.6386485003344835 0
1777476084153 0.12121026741165945 9
1777476314005 0.1146777444383473 10
1777476536090 0.10833666726802159 11
