1777036888890 17.377152560212465 0
1777036888890 17.377152560212465 0
1777037025707 10.076354082348278 1
1777036888890 17.377152560212465 0
1777036888890 17.377152560212465 0
1777037141567 8.430756994821493 2
1777037244548 7.443743596956568 3
1777037351850 6.779156859252831 4
1777037462774 6.134600662490697 5
1777036888890 17.377152560212465 0
1777036888890 17.377152560212465 0
1777036888890 17.377152560212465 0
1777036888890 17.377152560212465 0
1777037582558 5.787773221056052 6
1777037695221 5.368390731441164 7
1777037805307 5.0370187875136585 8
1777037921315 4.725941124857436 9
1777038040363 4.208386381467183 10
1777036888890 17.377152560212465 0
1777036888890 17.377152560212465 0
1777036888890 17.377152560212465 0
1777036888890 17.377152560212465 0
1777036888890 17.377152560212465 0
1777036888890 17.377152560212465 0
1777036888890 17.377152560212465 0
1777036888890 17.377152560212465 0
1777038170636 4.02647974383098 11
1777038283531 3.915299902456092 12
