1777907394710 0.2914310693740845 0
1777907394710 0.2914310693740845 0
1777907626718 0.1651649922132492 1
1777907394710 0.2914310693740845 0
1777907394710 0.2914310693740845 0
1777907857859 0.1266472339630127 2
1777907394710 0.2914310693740845 0
1777907394710 0.2914310693740845 0
1777907394710 0.2914310693740845 0
1777907394710 0.2914310693740845 0
1777908114289 0.10809575021266937 3
1777907394710 0.2914310693740845 0
1777907394710 0.2914310693740845 0
1777907394710 0.2914310693740845 0
1777907394710 0.2914310693740845 0
1777907394710 0.2914310693740845 0
1777907394710 0.2914310693740845 0
1777907394710 0.2914310693740845 0
1777907394710 0.2914310693740845 0
1777908354203 0.09489835798740387 4
1777907394710 0.2914310693740845 0
1777907394710 0.2914310693740845 0
1777907394710 0.2914310693740845 0
1777907394710 0.2914310693740845 0
1777907394710 0.2914310693740845 0
1777907394710 0.2914310693740845 0
1777907394710 0.2914310693740845 0
1777907394710 0.2914310693740845 0
1777907394710 0.2914310693740845 0
1777907394710 0.2914310693740845 0
1777907394710 0.2914310693740845 0
1777907394710 0.2914310693740845 0
1777907394710 0.2914310693740845 0
1777907394710 0.2914310693740845 0
1777907394710 0.2914310693740845 0
1777907394710 0.2914310693740845 0
1777908599214 0.08531714230775833 5
1777908838182 0.07796545326709747 6
1777909076719 0.07057696580886841 7
1777907394710 0.2914310693740845 0
1777907394710 0.2914310693740845 0
1777907394710 0.2914310693740845 0
1777907394710 0.2914310693740845 0
1777907394710 0.2914310693740845 0
1777907394710 0.2914310693740845 0
1777907394710 0.2914310693740845 0
1777907394710 0.2914310693740845 0
1777907394710 0.2914310693740845 0
1777907394710 0.2914310693740845 0
1777907394710 0.2914310693740845 0
1777907394710 0.2914310693740845 0
1777907394710 0.2914310693740845 0
1777907394710 0.2914310693740845 0
1777907394710 0.2914310693740845 0
1777907394710 0.2914310693740845 0
1777907394710 0.2914310693740845 0
1777907394710 0.2914310693740845 0
1777907394710 0.2914310693740845 0
1777907394710 0.2914310693740845 0
1777907394710 0.2914310693740845 0
1777907394710 0.2914310693740845 0
1777907394710 0.2914310693740845 0
1777907394710 0.2914310693740845 0
1777907394710 0.2914310693740845 0
1777907394710 0.2914310693740845 0
1777907394710 0.2914310693740845 0
1777907394710 0.2914310693740845 0
1777907394710 0.2914310693740845 0
1777907394710 0.2914310693740845 0
1777907394710 0.2914310693740845 0
1777907394710 0.2914310693740845 0
1777909315063 0.06622989475727081 8
1777909551894 0.0615910105407238 9
1777907394710 0.2914310693740845 0
1777907394710 0.2914310693740845 0
1777907394710 0.2914310693740845 0
1777907394710 0.2914310693740845 0
1777907394710 0.2914310693740845 0
1777907394710 0.2914310693740845 0
1777907394710 0.2914310693740845 0
1777907394710 0.2914310693740845 0
1777907394710 0.2914310693740845 0
1777907394710 0.2914310693740845 0
1777907394710 0.2914310693740845 0
1777907394710 0.2914310693740845 0
1777907394710 0.2914310693740845 0
1777907394710 0.2914310693740845 0
1777907394710 0.2914310693740845 0
1777907394710 0.2914310693740845 0
1777907394710 0.2914310693740845 0
1777907394710 0.2914310693740845 0
1777907394710 0.2914310693740845 0
1777907394710 0.2914310693740845 0
1777907394710 0.2914310693740845 0
1777907394710 0.2914310693740845 0
1777907394710 0.2914310693740845 0
1777907394710 0.2914310693740845 0
1777907394710 0.2914310693740845 0
1777907394710 0.2914310693740845 0
1777907394710 0.2914310693740845 0
1777907394710 0.2914310693740845 0
1777907394710 0.2914310693740845 0
1777907394710 0.2914310693740845 0
1777907394710 0.2914310693740845 0
1777907394710 0.2914310693740845 0
1777907394710 0.2914310693740845 0
1777907394710 0.2914310693740845 0
1777907394710 0.2914310693740845 0
1777907394710 0.2914310693740845 0
1777907394710 0.2914310693740845 0
1777907394710 0.2914310693740845 0
1777907394710 0.2914310693740845 0
1777907394710 0.2914310693740845 0
1777907394710 0.2914310693740845 0
1777907394710 0.2914310693740845 0
1777907394710 0.2914310693740845 0
1777907394710 0.2914310693740845 0
1777907394710 0.2914310693740845 0
1777907394710 0.2914310693740845 0
1777907394710 0.2914310693740845 0
1777907394710 0.2914310693740845 0
1777907394710 0.2914310693740845 0
1777907394710 0.2914310693740845 0
1777907394710 0.2914310693740845 0
1777907394710 0.2914310693740845 0
1777907394710 0.2914310693740845 0
1777907394710 0.2914310693740845 0
1777907394710 0.2914310693740845 0
1777907394710 0.2914310693740845 0
1777907394710 0.2914310693740845 0
1777907394710 0.2914310693740845 0
1777907394710 0.2914310693740845 0
1777907394710 0.2914310693740845 0
1777907394710 0.2914310693740845 0
1777907394710 0.2914310693740845 0
1777907394710 0.2914310693740845 0
1777907394710 0.2914310693740845 0
1777909796686 0.05729945749044418 10
1777910032624 0.053934525698423386 11
1777910266876 0.049997568130493164 12
1777910500363 0.047271136194467545 13
1777907394710 0.2914310693740845 0
1777907394710 0.2914310693740845 0
1777907394710 0.2914310693740845 0
1777907394710 0.2914310693740845 0
1777907394710 0.2914310693740845 0
1777907394710 0.2914310693740845 0
1777907394710 0.2914310693740845 0
1777907394710 0.2914310693740845 0
1777907394710 0.2914310693740845 0
1777907394710 0.2914310693740845 0
1777907394710 0.2914310693740845 0
1777907394710 0.2914310693740845 0
1777907394710 0.2914310693740845 0
1777907394710 0.2914310693740845 0
1777907394710 0.2914310693740845 0
1777907394710 0.2914310693740845 0
1777907394710 0.2914310693740845 0
1777907394710 0.2914310693740845 0
1777907394710 0.2914310693740845 0
1777907394710 0.2914310693740845 0
1777907394710 0.2914310693740845 0
1777907394710 0.2914310693740845 0
1777907394710 0.2914310693740845 0
1777907394710 0.2914310693740845 0
1777907394710 0.2914310693740845 0
1777907394710 0.2914310693740845 0
1777907394710 0.2914310693740845 0
1777907394710 0.2914310693740845 0
1777907394710 0.2914310693740845 0
1777907394710 0.2914310693740845 0
1777907394710 0.2914310693740845 0
1777907394710 0.2914310693740845 0
1777907394710 0.2914310693740845 0
1777907394710 0.2914310693740845 0
1777907394710 0.2914310693740845 0
1777907394710 0.2914310693740845 0
1777907394710 0.2914310693740845 0
1777907394710 0.2914310693740845 0
1777907394710 0.2914310693740845 0
1777907394710 0.2914310693740845 0
1777907394710 0.2914310693740845 0
1777907394710 0.2914310693740845 0
1777907394710 0.2914310693740845 0
1777907394710 0.2914310693740845 0
1777907394710 0.2914310693740845 0
1777907394710 0.2914310693740845 0
1777907394710 0.2914310693740845 0
1777907394710 0.2914310693740845 0
1777907394710 0.2914310693740845 0
1777907394710 0.2914310693740845 0
1777907394710 0.2914310693740845 0
1777907394710 0.2914310693740845 0
1777907394710 0.2914310693740845 0
1777907394710 0.2914310693740845 0
1777907394710 0.2914310693740845 0
1777907394710 0.2914310693740845 0
1777907394710 0.2914310693740845 0
1777907394710 0.2914310693740845 0
1777907394710 0.2914310693740845 0
1777907394710 0.2914310693740845 0
1777907394710 0.2914310693740845 0
1777907394710 0.2914310693740845 0
1777907394710 0.2914310693740845 0
1777907394710 0.2914310693740845 0
1777907394710 0.2914310693740845 0
1777907394710 0.2914310693740845 0
1777907394710 0.2914310693740845 0
1777907394710 0.2914310693740845 0
1777907394710 0.2914310693740845 0
1777907394710 0.2914310693740845 0
1777907394710 0.2914310693740845 0
1777907394710 0.2914310693740845 0
1777907394710 0.2914310693740845 0
1777907394710 0.2914310693740845 0
1777907394710 0.2914310693740845 0
1777907394710 0.2914310693740845 0
1777907394710 0.2914310693740845 0
1777907394710 0.2914310693740845 0
1777907394710 0.2914310693740845 0
1777907394710 0.2914310693740845 0
1777907394710 0.2914310693740845 0
1777907394710 0.2914310693740845 0
1777907394710 0.2914310693740845 0
1777907394710 0.2914310693740845 0
1777907394710 0.2914310693740845 0
1777907394710 0.2914310693740845 0
1777907394710 0.2914310693740845 0
1777907394710 0.2914310693740845 0
1777907394710 0.2914310693740845 0
1777907394710 0.2914310693740845 0
1777907394710 0.2914310693740845 0
1777907394710 0.2914310693740845 0
1777907394710 0.2914310693740845 0
1777907394710 0.2914310693740845 0
1777907394710 0.2914310693740845 0
1777907394710 0.2914310693740845 0
1777907394710 0.2914310693740845 0
1777907394710 0.2914310693740845 0
1777907394710 0.2914310693740845 0
1777907394710 0.2914310693740845 0
1777907394710 0.2914310693740845 0
1777907394710 0.2914310693740845 0
1777907394710 0.2914310693740845 0
1777907394710 0.2914310693740845 0
1777907394710 0.2914310693740845 0
1777907394710 0.2914310693740845 0
1777907394710 0.2914310693740845 0
1777907394710 0.2914310693740845 0
1777907394710 0.2914310693740845 0
1777907394710 0.2914310693740845 0
1777907394710 0.2914310693740845 0
1777907394710 0.2914310693740845 0
1777907394710 0.2914310693740845 0
1777907394710 0.2914310693740845 0
1777907394710 0.2914310693740845 0
1777907394710 0.2914310693740845 0
1777907394710 0.2914310693740845 0
1777907394710 0.2914310693740845 0
1777907394710 0.2914310693740845 0
1777907394710 0.2914310693740845 0
1777907394710 0.2914310693740845 0
1777907394710 0.2914310693740845 0
1777907394710 0.2914310693740845 0
1777907394710 0.2914310693740845 0
1777907394710 0.2914310693740845 0
1777907394710 0.2914310693740845 0
1777907394710 0.2914310693740845 0
1777907394710 0.2914310693740845 0
1777910741821 0.04503493756055832 14
1777910974954 0.04234413802623749 15
1777911209807 0.039991918951272964 16
1777911443201 0.03802311792969704 17
1777911677427 0.034701164811849594 18
1777911911023 0.0334462895989418 19
1777912144257 0.032374925911426544 20
1777912378133 0.03169114142656326 21
1777912612395 0.029789134860038757 22
1777912846738 0.02953323908150196 23
1777913081245 0.029230890795588493 24
1777913314450 0.02870079316198826 25
1777913547386 0.028109675273299217 26
1777913780607 0.027751564979553223 27
1777914013225 0.02747172862291336 28
1777914246216 0.027251537889242172 29
1777914478663 0.026921795681118965 30
1777914711663 0.026689909398555756 31
1777914943240 0.02671097032725811 32
1777915177625 0.026693018153309822 33
1777915409941 0.02644541673362255 34
1777915643071 0.026260782033205032 35
1777915874303 0.026323148980736732 36
1777916107642 0.02617674320936203 37
1777916342787 0.02611440047621727 38
