1777907394701 0.21877031028270721 0
1777907394701 0.21877031028270721 0
1777907626712 0.09579865634441376 1
1777907394701 0.21877031028270721 0
1777907394701 0.21877031028270721 0
1777907857853 0.05483599752187729 2
1777907394701 0.21877031028270721 0
1777907394701 0.21877031028270721 0
1777907394701 0.21877031028270721 0
1777907394701 0.21877031028270721 0
1777908114282 0.044955044984817505 3
1777907394701 0.21877031028270721 0
1777907394701 0.21877031028270721 0
1777907394701 0.21877031028270721 0
1777907394701 0.21877031028270721 0
1777907394701 0.21877031028270721 0
1777907394701 0.21877031028270721 0
1777907394701 0.21877031028270721 0
1777907394701 0.21877031028270721 0
1777908354199 0.03924209624528885 4
1777907394701 0.21877031028270721 0
1777907394701 0.21877031028270721 0
1777907394701 0.21877031028270721 0
1777907394701 0.21877031028270721 0
1777907394701 0.21877031028270721 0
1777907394701 0.21877031028270721 0
1777907394701 0.21877031028270721 0
1777907394701 0.21877031028270721 0
1777907394701 0.21877031028270721 0
1777907394701 0.21877031028270721 0
1777907394701 0.21877031028270721 0
1777907394701 0.21877031028270721 0
1777907394701 0.21877031028270721 0
1777907394701 0.21877031028270721 0
1777907394701 0.21877031028270721 0
1777907394701 0.21877031028270721 0
1777908599206 0.03549594432115555 5
1777908838175 0.03285680711269379 6
1777909076711 0.030462123453617096 7
1777907394701 0.21877031028270721 0
1777907394701 0.21877031028270721 0
1777907394701 0.21877031028270721 0
1777907394701 0.21877031028270721 0
1777907394701 0.21877031028270721 0
1777907394701 0.21877031028270721 0
1777907394701 0.21877031028270721 0
1777907394701 0.21877031028270721 0
1777907394701 0.21877031028270721 0
1777907394701 0.21877031028270721 0
1777907394701 0.21877031028270721 0
1777907394701 0.21877031028270721 0
1777907394701 0.21877031028270721 0
1777907394701 0.21877031028270721 0
1777907394701 0.21877031028270721 0
1777907394701 0.21877031028270721 0
1777907394701 0.21877031028270721 0
1777907394701 0.21877031028270721 0
1777907394701 0.21877031028270721 0
1777907394701 0.21877031028270721 0
1777907394701 0.21877031028270721 0
1777907394701 0.21877031028270721 0
1777907394701 0.21877031028270721 0
1777907394701 0.21877031028270721 0
1777907394701 0.21877031028270721 0
1777907394701 0.21877031028270721 0
1777907394701 0.21877031028270721 0
1777907394701 0.21877031028270721 0
1777907394701 0.21877031028270721 0
1777907394701 0.21877031028270721 0
1777907394701 0.21877031028270721 0
1777907394701 0.21877031028270721 0
1777909315056 0.02948722429573536 8
1777909551886 0.028337929397821426 9
1777907394701 0.21877031028270721 0
1777907394701 0.21877031028270721 0
1777907394701 0.21877031028270721 0
1777907394701 0.21877031028270721 0
1777907394701 0.21877031028270721 0
1777907394701 0.21877031028270721 0
1777907394701 0.21877031028270721 0
1777907394701 0.21877031028270721 0
1777907394701 0.21877031028270721 0
1777907394701 0.21877031028270721 0
1777907394701 0.21877031028270721 0
1777907394701 0.21877031028270721 0
1777907394701 0.21877031028270721 0
1777907394701 0.21877031028270721 0
1777907394701 0.21877031028270721 0
1777907394701 0.21877031028270721 0
1777907394701 0.21877031028270721 0
1777907394701 0.21877031028270721 0
1777907394701 0.21877031028270721 0
1777907394701 0.21877031028270721 0
1777907394701 0.21877031028270721 0
1777907394701 0.21877031028270721 0
1777907394701 0.21877031028270721 0
1777907394701 0.21877031028270721 0
1777907394701 0.21877031028270721 0
1777907394701 0.21877031028270721 0
1777907394701 0.21877031028270721 0
1777907394701 0.21877031028270721 0
1777907394701 0.21877031028270721 0
1777907394701 0.21877031028270721 0
1777907394701 0.21877031028270721 0
1777907394701 0.21877031028270721 0
1777907394701 0.21877031028270721 0
1777907394701 0.21877031028270721 0
1777907394701 0.21877031028270721 0
1777907394701 0.21877031028270721 0
1777907394701 0.21877031028270721 0
1777907394701 0.21877031028270721 0
1777907394701 0.21877031028270721 0
1777907394701 0.21877031028270721 0
1777907394701 0.21877031028270721 0
1777907394701 0.21877031028270721 0
1777907394701 0.21877031028270721 0
1777907394701 0.21877031028270721 0
1777907394701 0.21877031028270721 0
1777907394701 0.21877031028270721 0
1777907394701 0.21877031028270721 0
1777907394701 0.21877031028270721 0
1777907394701 0.21877031028270721 0
1777907394701 0.21877031028270721 0
1777907394701 0.21877031028270721 0
1777907394701 0.21877031028270721 0
1777907394701 0.21877031028270721 0
1777907394701 0.21877031028270721 0
1777907394701 0.21877031028270721 0
1777907394701 0.21877031028270721 0
1777907394701 0.21877031028270721 0
1777907394701 0.21877031028270721 0
1777907394701 0.21877031028270721 0
1777907394701 0.21877031028270721 0
1777907394701 0.21877031028270721 0
1777907394701 0.21877031028270721 0
1777907394701 0.21877031028270721 0
1777907394701 0.21877031028270721 0
1777909796680 0.0275253988802433 10
1777910032618 0.026845714077353477 11
1777910266870 0.026203112676739693 12
1777910500356 0.025835955515503883 13
1777907394701 0.21877031028270721 0
1777907394701 0.21877031028270721 0
1777907394701 0.21877031028270721 0
1777907394701 0.21877031028270721 0
1777907394701 0.21877031028270721 0
1777907394701 0.21877031028270721 0
1777907394701 0.21877031028270721 0
1777907394701 0.21877031028270721 0
1777907394701 0.21877031028270721 0
1777907394701 0.21877031028270721 0
1777907394701 0.21877031028270721 0
1777907394701 0.21877031028270721 0
1777907394701 0.21877031028270721 0
1777907394701 0.21877031028270721 0
1777907394701 0.21877031028270721 0
1777907394701 0.21877031028270721 0
1777907394701 0.21877031028270721 0
1777907394701 0.21877031028270721 0
1777907394701 0.21877031028270721 0
1777907394701 0.21877031028270721 0
1777907394701 0.21877031028270721 0
1777907394701 0.21877031028270721 0
1777907394701 0.21877031028270721 0
1777907394701 0.21877031028270721 0
1777907394701 0.21877031028270721 0
1777907394701 0.21877031028270721 0
1777907394701 0.21877031028270721 0
1777907394701 0.21877031028270721 0
1777907394701 0.21877031028270721 0
1777907394701 0.21877031028270721 0
1777907394701 0.21877031028270721 0
1777907394701 0.21877031028270721 0
1777907394701 0.21877031028270721 0
1777907394701 0.21877031028270721 0
1777907394701 0.21877031028270721 0
1777907394701 0.21877031028270721 0
1777907394701 0.21877031028270721 0
1777907394701 0.21877031028270721 0
1777907394701 0.21877031028270721 0
1777907394701 0.21877031028270721 0
1777907394701 0.21877031028270721 0
1777907394701 0.21877031028270721 0
1777907394701 0.21877031028270721 0
1777907394701 0.21877031028270721 0
1777907394701 0.21877031028270721 0
1777907394701 0.21877031028270721 0
1777907394701 0.21877031028270721 0
1777907394701 0.21877031028270721 0
1777907394701 0.21877031028270721 0
1777907394701 0.21877031028270721 0
1777907394701 0.21877031028270721 0
1777907394701 0.21877031028270721 0
1777907394701 0.21877031028270721 0
1777907394701 0.21877031028270721 0
1777907394701 0.21877031028270721 0
1777907394701 0.21877031028270721 0
1777907394701 0.21877031028270721 0
1777907394701 0.21877031028270721 0
1777907394701 0.21877031028270721 0
1777907394701 0.21877031028270721 0
1777907394701 0.21877031028270721 0
1777907394701 0.21877031028270721 0
1777907394701 0.21877031028270721 0
1777907394701 0.21877031028270721 0
1777907394701 0.21877031028270721 0
1777907394701 0.21877031028270721 0
1777907394701 0.21877031028270721 0
1777907394701 0.21877031028270721 0
1777907394701 0.21877031028270721 0
1777907394701 0.21877031028270721 0
1777907394701 0.21877031028270721 0
1777907394701 0.21877031028270721 0
1777907394701 0.21877031028270721 0
1777907394701 0.21877031028270721 0
1777907394701 0.21877031028270721 0
1777907394701 0.21877031028270721 0
1777907394701 0.21877031028270721 0
1777907394701 0.21877031028270721 0
1777907394701 0.21877031028270721 0
1777907394701 0.21877031028270721 0
1777907394701 0.21877031028270721 0
1777907394701 0.21877031028270721 0
1777907394701 0.21877031028270721 0
1777907394701 0.21877031028270721 0
1777907394701 0.21877031028270721 0
1777907394701 0.21877031028270721 0
1777907394701 0.21877031028270721 0
1777907394701 0.21877031028270721 0
1777907394701 0.21877031028270721 0
1777907394701 0.21877031028270721 0
1777907394701 0.21877031028270721 0
1777907394701 0.21877031028270721 0
1777907394701 0.21877031028270721 0
1777907394701 0.21877031028270721 0
1777907394701 0.21877031028270721 0
1777907394701 0.21877031028270721 0
1777907394701 0.21877031028270721 0
1777907394701 0.21877031028270721 0
1777907394701 0.21877031028270721 0
1777907394701 0.21877031028270721 0
1777907394701 0.21877031028270721 0
1777907394701 0.21877031028270721 0
1777907394701 0.21877031028270721 0
1777907394701 0.21877031028270721 0
1777907394701 0.21877031028270721 0
1777907394701 0.21877031028270721 0
1777907394701 0.21877031028270721 0
1777907394701 0.21877031028270721 0
1777907394701 0.21877031028270721 0
1777907394701 0.21877031028270721 0
1777907394701 0.21877031028270721 0
1777907394701 0.21877031028270721 0
1777907394701 0.21877031028270721 0
1777907394701 0.21877031028270721 0
1777907394701 0.21877031028270721 0
1777907394701 0.21877031028270721 0
1777907394701 0.21877031028270721 0
1777907394701 0.21877031028270721 0
1777907394701 0.21877031028270721 0
1777907394701 0.21877031028270721 0
1777907394701 0.21877031028270721 0
1777907394701 0.21877031028270721 0
1777907394701 0.21877031028270721 0
1777907394701 0.21877031028270721 0
1777907394701 0.21877031028270721 0
1777907394701 0.21877031028270721 0
1777907394701 0.21877031028270721 0
1777907394701 0.21877031028270721 0
1777910741813 0.025235384702682495 14
1777910974948 0.024877673014998436 15
1777911209799 0.02431286871433258 16
1777911443197 0.0240003801882267 17
1777911677423 0.023437347263097763 18
1777911911015 0.023093050345778465 19
1777912144250 0.022893797606229782 20
1777912378126 0.022668754681944847 21
1777912612391 0.02233969233930111 22
1777912846733 0.02231898158788681 23
1777913081239 0.022163020446896553 24
1777913314445 0.022061673924326897 25
1777913547380 0.02193131111562252 26
1777913780601 0.021851228550076485 27
1777914013217 0.021781768649816513 28
1777914246211 0.021678440272808075 29
1777914478657 0.021634696051478386 30
1777914711657 0.021565046161413193 31
1777914943232 0.021591167896986008 32
1777915177614 0.021510550752282143 33
1777915409934 0.021481215953826904 34
1777915643067 0.02146725542843342 35
1777915874295 0.02141544409096241 36
1777916107637 0.021456187590956688 37
1777916342779 0.021427689120173454 38
