1777907365435 0.5102012049418823 0
1777907365435 0.5102012049418823 0
1777907597763 0.2609637051724307 1
1777907365435 0.5102012049418823 0
1777907365435 0.5102012049418823 0
1777907827975 0.18148322157489444 2
1777907365435 0.5102012049418823 0
1777907365435 0.5102012049418823 0
1777907365435 0.5102012049418823 0
1777907365435 0.5102012049418823 0
1777908081112 0.15305085359653609 3
1777907365435 0.5102012049418823 0
1777907365435 0.5102012049418823 0
1777907365435 0.5102012049418823 0
1777907365435 0.5102012049418823 0
1777907365435 0.5102012049418823 0
1777907365435 0.5102012049418823 0
1777907365435 0.5102012049418823 0
1777907365435 0.5102012049418823 0
1777908322551 0.13414039826894655 4
1777907365435 0.5102012049418823 0
1777907365435 0.5102012049418823 0
1777907365435 0.5102012049418823 0
1777907365435 0.5102012049418823 0
1777907365435 0.5102012049418823 0
1777907365435 0.5102012049418823 0
1777907365435 0.5102012049418823 0
1777907365435 0.5102012049418823 0
1777907365435 0.5102012049418823 0
1777907365435 0.5102012049418823 0
1777907365435 0.5102012049418823 0
1777907365435 0.5102012049418823 0
1777907365435 0.5102012049418823 0
1777907365435 0.5102012049418823 0
1777907365435 0.5102012049418823 0
1777907365435 0.5102012049418823 0
1777908566598 0.12081309055915543 5
1777908805797 0.11082226934942227 6
1777909044447 0.1010390965201708 7
1777907365435 0.5102012049418823 0
1777907365435 0.5102012049418823 0
1777907365435 0.5102012049418823 0
1777907365435 0.5102012049418823 0
1777907365435 0.5102012049418823 0
1777907365435 0.5102012049418823 0
1777907365435 0.5102012049418823 0
1777907365435 0.5102012049418823 0
1777907365435 0.5102012049418823 0
1777907365435 0.5102012049418823 0
1777907365435 0.5102012049418823 0
1777907365435 0.5102012049418823 0
1777907365435 0.5102012049418823 0
1777907365435 0.5102012049418823 0
1777907365435 0.5102012049418823 0
1777907365435 0.5102012049418823 0
1777907365435 0.5102012049418823 0
1777907365435 0.5102012049418823 0
1777907365435 0.5102012049418823 0
1777907365435 0.5102012049418823 0
1777907365435 0.5102012049418823 0
1777907365435 0.5102012049418823 0
1777907365435 0.5102012049418823 0
1777907365435 0.5102012049418823 0
1777907365435 0.5102012049418823 0
1777907365435 0.5102012049418823 0
1777907365435 0.5102012049418823 0
1777907365435 0.5102012049418823 0
1777907365435 0.5102012049418823 0
1777907365435 0.5102012049418823 0
1777907365435 0.5102012049418823 0
1777907365435 0.5102012049418823 0
1777909283680 0.09571712818539259 8
1777909519686 0.08992892843716353 9
1777907365435 0.5102012049418823 0
1777907365435 0.5102012049418823 0
1777907365435 0.5102012049418823 0
1777907365435 0.5102012049418823 0
1777907365435 0.5102012049418823 0
1777907365435 0.5102012049418823 0
1777907365435 0.5102012049418823 0
1777907365435 0.5102012049418823 0
1777907365435 0.5102012049418823 0
1777907365435 0.5102012049418823 0
1777907365435 0.5102012049418823 0
1777907365435 0.5102012049418823 0
1777907365435 0.5102012049418823 0
1777907365435 0.5102012049418823 0
1777907365435 0.5102012049418823 0
1777907365435 0.5102012049418823 0
1777907365435 0.5102012049418823 0
1777907365435 0.5102012049418823 0
1777907365435 0.5102012049418823 0
1777907365435 0.5102012049418823 0
1777907365435 0.5102012049418823 0
1777907365435 0.5102012049418823 0
1777907365435 0.5102012049418823 0
1777907365435 0.5102012049418823 0
1777907365435 0.5102012049418823 0
1777907365435 0.5102012049418823 0
1777907365435 0.5102012049418823 0
1777907365435 0.5102012049418823 0
1777907365435 0.5102012049418823 0
1777907365435 0.5102012049418823 0
1777907365435 0.5102012049418823 0
1777907365435 0.5102012049418823 0
1777907365435 0.5102012049418823 0
1777907365435 0.5102012049418823 0
1777907365435 0.5102012049418823 0
1777907365435 0.5102012049418823 0
1777907365435 0.5102012049418823 0
1777907365435 0.5102012049418823 0
1777907365435 0.5102012049418823 0
1777907365435 0.5102012049418823 0
1777907365435 0.5102012049418823 0
1777907365435 0.5102012049418823 0
1777907365435 0.5102012049418823 0
1777907365435 0.5102012049418823 0
1777907365435 0.5102012049418823 0
1777907365435 0.5102012049418823 0
1777907365435 0.5102012049418823 0
1777907365435 0.5102012049418823 0
1777907365435 0.5102012049418823 0
1777907365435 0.5102012049418823 0
1777907365435 0.5102012049418823 0
1777907365435 0.5102012049418823 0
1777907365435 0.5102012049418823 0
1777907365435 0.5102012049418823 0
1777907365435 0.5102012049418823 0
1777907365435 0.5102012049418823 0
1777907365435 0.5102012049418823 0
1777907365435 0.5102012049418823 0
1777907365435 0.5102012049418823 0
1777907365435 0.5102012049418823 0
1777907365435 0.5102012049418823 0
1777907365435 0.5102012049418823 0
1777907365435 0.5102012049418823 0
1777907365435 0.5102012049418823 0
1777909764509 0.0848248587577667 10
1777910000497 0.08078026173570009 11
1777910235143 0.07620067980056056 12
1777910468635 0.0731071043868088 13
1777907365435 0.5102012049418823 0
1777907365435 0.5102012049418823 0
1777907365435 0.5102012049418823 0
1777907365435 0.5102012049418823 0
1777907365435 0.5102012049418823 0
1777907365435 0.5102012049418823 0
1777907365435 0.5102012049418823 0
1777907365435 0.5102012049418823 0
1777907365435 0.5102012049418823 0
1777907365435 0.5102012049418823 0
1777907365435 0.5102012049418823 0
1777907365435 0.5102012049418823 0
1777907365435 0.5102012049418823 0
1777907365435 0.5102012049418823 0
1777907365435 0.5102012049418823 0
1777907365435 0.5102012049418823 0
1777907365435 0.5102012049418823 0
1777907365435 0.5102012049418823 0
1777907365435 0.5102012049418823 0
1777907365435 0.5102012049418823 0
1777907365435 0.5102012049418823 0
1777907365435 0.5102012049418823 0
1777907365435 0.5102012049418823 0
1777907365435 0.5102012049418823 0
1777907365435 0.5102012049418823 0
1777907365435 0.5102012049418823 0
1777907365435 0.5102012049418823 0
1777907365435 0.5102012049418823 0
1777907365435 0.5102012049418823 0
1777907365435 0.5102012049418823 0
1777907365435 0.5102012049418823 0
1777907365435 0.5102012049418823 0
1777907365435 0.5102012049418823 0
1777907365435 0.5102012049418823 0
1777907365435 0.5102012049418823 0
1777907365435 0.5102012049418823 0
1777907365435 0.5102012049418823 0
1777907365435 0.5102012049418823 0
1777907365435 0.5102012049418823 0
1777907365435 0.5102012049418823 0
1777907365435 0.5102012049418823 0
1777907365435 0.5102012049418823 0
1777907365435 0.5102012049418823 0
1777907365435 0.5102012049418823 0
1777907365435 0.5102012049418823 0
1777907365435 0.5102012049418823 0
1777907365435 0.5102012049418823 0
1777907365435 0.5102012049418823 0
1777907365435 0.5102012049418823 0
1777907365435 0.5102012049418823 0
1777907365435 0.5102012049418823 0
1777907365435 0.5102012049418823 0
1777907365435 0.5102012049418823 0
1777907365435 0.5102012049418823 0
1777907365435 0.5102012049418823 0
1777907365435 0.5102012049418823 0
1777907365435 0.5102012049418823 0
1777907365435 0.5102012049418823 0
1777907365435 0.5102012049418823 0
1777907365435 0.5102012049418823 0
1777907365435 0.5102012049418823 0
1777907365435 0.5102012049418823 0
1777907365435 0.5102012049418823 0
1777907365435 0.5102012049418823 0
1777907365435 0.5102012049418823 0
1777907365435 0.5102012049418823 0
1777907365435 0.5102012049418823 0
1777907365435 0.5102012049418823 0
1777907365435 0.5102012049418823 0
1777907365435 0.5102012049418823 0
1777907365435 0.5102012049418823 0
1777907365435 0.5102012049418823 0
1777907365435 0.5102012049418823 0
1777907365435 0.5102012049418823 0
1777907365435 0.5102012049418823 0
1777907365435 0.5102012049418823 0
1777907365435 0.5102012049418823 0
1777907365435 0.5102012049418823 0
1777907365435 0.5102012049418823 0
1777907365435 0.5102012049418823 0
1777907365435 0.5102012049418823 0
1777907365435 0.5102012049418823 0
1777907365435 0.5102012049418823 0
1777907365435 0.5102012049418823 0
1777907365435 0.5102012049418823 0
1777907365435 0.5102012049418823 0
1777907365435 0.5102012049418823 0
1777907365435 0.5102012049418823 0
1777907365435 0.5102012049418823 0
1777907365435 0.5102012049418823 0
1777907365435 0.5102012049418823 0
1777907365435 0.5102012049418823 0
1777907365435 0.5102012049418823 0
1777907365435 0.5102012049418823 0
1777907365435 0.5102012049418823 0
1777907365435 0.5102012049418823 0
1777907365435 0.5102012049418823 0
1777907365435 0.5102012049418823 0
1777907365435 0.5102012049418823 0
1777907365435 0.5102012049418823 0
1777907365435 0.5102012049418823 0
1777907365435 0.5102012049418823 0
1777907365435 0.5102012049418823 0
1777907365435 0.5102012049418823 0
1777907365435 0.5102012049418823 0
1777907365435 0.5102012049418823 0
1777907365435 0.5102012049418823 0
1777907365435 0.5102012049418823 0
1777907365435 0.5102012049418823 0
1777907365435 0.5102012049418823 0
1777907365435 0.5102012049418823 0
1777907365435 0.5102012049418823 0
1777907365435 0.5102012049418823 0
1777907365435 0.5102012049418823 0
1777907365435 0.5102012049418823 0
1777907365435 0.5102012049418823 0
1777907365435 0.5102012049418823 0
1777907365435 0.5102012049418823 0
1777907365435 0.5102012049418823 0
1777907365435 0.5102012049418823 0
1777907365435 0.5102012049418823 0
1777907365435 0.5102012049418823 0
1777907365435 0.5102012049418823 0
1777907365435 0.5102012049418823 0
1777907365435 0.5102012049418823 0
1777907365435 0.5102012049418823 0
1777907365435 0.5102012049418823 0
1777907365435 0.5102012049418823 0
1777910710176 0.07027033134137542 14
1777910943313 0.06722180180034591 15
1777911177801 0.06430478115538948 16
1777911411533 0.06202348408479135 17
1777911645746 0.05813851636686757 18
1777911879515 0.056539338311138276 19
1777912112621 0.055268713390653576 20
1777912346119 0.05435989243746961 21
1777912580626 0.0521288352105224 22
1777912814905 0.05185222067541675 23
1777913049465 0.05139390637187896 24
1777913282594 0.05076244373392905 25
1777913515884 0.05004099218783641 26
1777913748818 0.04960279102801891 27
1777913981337 0.04925349943074594 28
1777914214545 0.04892997791490315 29
1777914447074 0.04855650307725162 30
1777914679985 0.04825494804910857 31
1777914911776 0.04830212883868264 32
1777915145794 0.04820356472217535 33
1777915378509 0.04792663547840319 34
1777915611563 0.04772804994558053 35
1777915844969 0.04773860780407696 36
1777916076009 0.047632913409602684 37
1777916310786 0.04754208597357605 38
