1776780276142 7.897141305374096 0
1776780276142 7.897141305374096 0
1776780454353 5.768338606195543 1
1776780276142 7.897141305374096 0
1776780276142 7.897141305374096 0
1776780612309 4.198647016846246 2
1776780276142 7.897141305374096 0
1776780276142 7.897141305374096 0
1776780276142 7.897141305374096 0
1776780276142 7.897141305374096 0
1776780768029 3.0203418469351857 3
1776780920502 2.0668386436974733 4
1776780276142 7.897141305374096 0
1776780276142 7.897141305374096 0
1776780276142 7.897141305374096 0
1776780276142 7.897141305374096 0
1776780276142 7.897141305374096 0
1776780276142 7.897141305374096 0
1776780276142 7.897141305374096 0
1776780276142 7.897141305374096 0
1776781078747 1.3605474085097946 5
1776780276142 7.897141305374096 0
1776780276142 7.897141305374096 0
1776780276142 7.897141305374096 0
1776780276142 7.897141305374096 0
1776780276142 7.897141305374096 0
1776780276142 7.897141305374096 0
1776780276142 7.897141305374096 0
1776780276142 7.897141305374096 0
1776780276142 7.897141305374096 0
1776780276142 7.897141305374096 0
1776780276142 7.897141305374096 0
1776780276142 7.897141305374096 0
1776780276142 7.897141305374096 0
1776780276142 7.897141305374096 0
1776780276142 7.897141305374096 0
1776780276142 7.897141305374096 0
1776781236707 0.915639352547698 6
1776781390256 0.6477344957177307 7
1776781543323 0.47124459707814126 8
1776781696542 0.3781814427630415 9
1776780276142 7.897141305374096 0
1776780276142 7.897141305374096 0
1776780276142 7.897141305374096 0
1776780276142 7.897141305374096 0
1776780276142 7.897141305374096 0
1776780276142 7.897141305374096 0
1776780276142 7.897141305374096 0
1776780276142 7.897141305374096 0
1776780276142 7.897141305374096 0
1776780276142 7.897141305374096 0
1776780276142 7.897141305374096 0
1776780276142 7.897141305374096 0
1776780276142 7.897141305374096 0
1776780276142 7.897141305374096 0
1776780276142 7.897141305374096 0
1776780276142 7.897141305374096 0
1776780276142 7.897141305374096 0
1776780276142 7.897141305374096 0
1776780276142 7.897141305374096 0
1776780276142 7.897141305374096 0
1776780276142 7.897141305374096 0
1776780276142 7.897141305374096 0
1776780276142 7.897141305374096 0
1776780276142 7.897141305374096 0
1776780276142 7.897141305374096 0
1776780276142 7.897141305374096 0
1776780276142 7.897141305374096 0
1776780276142 7.897141305374096 0
1776780276142 7.897141305374096 0
1776780276142 7.897141305374096 0
1776780276142 7.897141305374096 0
1776780276142 7.897141305374096 0
1776781855157 0.30581959011485277 10
1776782008579 0.2442780148153552 11
1776782161659 0.21376758312330277 12
1776782315184 0.1987638492318033 13
1776782468335 0.1874089458035034 14
1776782622003 0.18116744397913367 15
1776782775454 0.17955119618513052 16
1776782928085 0.1755959177962399 17
1776783081147 0.17485482359009652 18
1776783234553 0.1730587297755152 19
1776783411202 0.1736498815776075 20
