1777453376483 0.7670956777716146 0
1777453376483 0.7670956777716146 0
1777453615207 0.3654162349920828 1
1777453376483 0.7670956777716146 0
1777453376483 0.7670956777716146 0
1777453835118 0.23932953849193733 2
1777453376483 0.7670956777716146 0
1777453376483 0.7670956777716146 0
1777453376483 0.7670956777716146 0
1777453376483 0.7670956777716146 0
1777454056920 0.19139940224129792 3
1777454274517 0.1650042774993625 4
1777454489233 0.1445834529149108 5
1777453376483 0.7670956777716146 0
1777453376483 0.7670956777716146 0
1777453376483 0.7670956777716146 0
1777453376483 0.7670956777716146 0
1777453376483 0.7670956777716146 0
1777453376483 0.7670956777716146 0
1777453376483 0.7670956777716146 0
1777453376483 0.7670956777716146 0
1777454712366 0.12853143853662855 6
1777454931555 0.11556030556704235 7
1777455158910 0.10724381719110082 8
1777455376498 0.09817130732256618 9
1777455590777 0.08620433584096748 10
1777455805947 0.08277198675911403 11
1777456022213 0.07903885819066112 12
1777456237193 0.07584785139579989 13
1777456451549 0.06984044789882153 14
1777456665008 0.06867579148907492 15
1777456880894 0.06666080850179527 16
1777457097529 0.06586630086031739 17
1777457312927 0.06363592093695908 18
1777457526933 0.061916012365166036 19
1777457741900 0.06158871655759302 20
1777457958390 0.061176771117211544 21
1777458173667 0.060456385625025984 22
1777458388065 0.059018968336260046 23
