1776960311291 17.071024561391294 0
1776960311291 17.071024561391294 0
1776960444957 10.343575543956078 1
1776960311291 17.071024561391294 0
1776960311291 17.071024561391294 0
1776960562713 8.690992529724022 2
1776960311291 17.071024561391294 0
1776960311291 17.071024561391294 0
1776960311291 17.071024561391294 0
1776960311291 17.071024561391294 0
1776960671996 7.771275719392647 3
1776960787114 7.033973555734629 4
1776960893258 6.420361663917122 5
1776960998102 5.9660206250002465 6
1776961103800 5.340614067312197 7
1776961208654 5.1373835443293006 8
1776961314188 4.927615928032638 9
1776961420197 4.708232767759403 10
1776961526078 4.4527238248621375 11
1776961631349 4.2798311339998705 12
1776961737811 4.2019414222741975 13
1776961843053 4.128179487672824 14
1776961947950 3.9996215093483047 15
1776962052703 3.9656341291939943 16
1776962156172 3.8958742834603517 17
1776962260832 3.860218215143025 18
1776962375806 3.8030515129897973 19
1776962488332 3.7877744162352727 20
1776962600979 3.755707140493547 21
1776962701480 3.747796877302398 22
1776962800321 3.7001281590909247 23
1776962898149 3.7236598182264653 24
1776962995931 3.683760366779315 25
1776963093293 3.6443820902444783 26
1776963190903 3.6675400085819576 27
1776963289329 3.629625514873023 28
1776963387096 3.62397953838978 29
1776963485289 3.603352820988998 30
1776963583170 3.628286546102234 31
1776963681187 3.6111732088632182 32
1776963779222 3.6265260930200225 33
1776963877384 3.6352106043435994 34
1776963975184 3.5978058013329615 35
1776964073158 3.5875147473079103 36
1776964172153 3.6237254914342394 37
1776964269992 3.5981500974365037 38
1776964367946 3.625858428794589 39
1776964465904 3.604756878031882 40
1776964563710 3.585273859956118 41
1776964661778 3.606420233797487 42
1776964759494 3.591905252447406 43
1776964857429 3.5907456465909395 44
1776964955526 3.5886340770135035 45
1776965055644 3.583942079235435 46
1776965153739 3.588706710191992 47
1776965251403 3.61158657999872 48
1776965349175 3.597738833103365 49
