1776597157143 26.381911223672777 0
1776597300411 20.015213800983645 1
1776597444000 19.425558255595945 2
1776597585178 19.097065466536115 3
1776597728867 18.764703211173824 4
1776597870564 18.359657947595927 5
1776598013609 18.101291627126535 6
1776598155726 17.82364550517869 7
1776598298489 17.61976588448597 8
1776598440203 17.38911888703728 9
1776598583382 17.12173069624692 10
1776598725743 16.93005256869225 11
1776598868495 16.75604348514996 12
1776599010380 16.581153580589852 13
1776599157895 16.354213339003405 14
