1776372211454 41.30428047118349 0
1776372412179 32.24992804009486 1
1776372611491 30.840951404849754 2
1776372811651 30.15002348975579 3
1776373025770 29.61537752197859 4
1776373235721 29.29754842390311 5
1776373437813 28.88624459765912 6
1776373639809 28.776882242731375 7
1776373841055 28.3201174712838 8
1776374042359 28.169205872707273 9
1776374243938 27.907213296071056 10
1776374442262 27.533348683213493 11
1776374640732 27.333977495252217 12
1776374839176 27.1152894284389 13
1776375037041 26.96053484541091 14
1776375236735 26.611261856227486 15
1776375438832 26.41066541625383 16
1776375637255 26.330501638316644 17
1776375835979 26.04704890413454 18
1776376033986 25.7519040130912 19
1776376231251 25.6105943939481 20
1776376429423 25.405602629799123 21
1776376626887 25.211213493656302 22
1776376824635 25.016549342262106 23
1776377023935 24.837747705233927 24
1776377221253 24.63249676115509 25
1776377419240 24.531457369292767 26
1776377617971 24.2911533621567 27
1776377816380 24.129895020149515 28
1776378014313 24.098282234402106 29
1776378211263 23.9658480355187 30
1776378409007 23.88429523480383 31
1776378606418 23.694568855063068 32
1776378804041 23.6262986571128 33
1776379001658 23.48451736332725 34
1776379200184 23.479222719634564 35
1776379397417 23.252338931858056 36
1776379594411 23.128785937106784 37
1776379791189 22.992116218641087 38
1776379989029 22.997215951087988 39
1776380186637 22.894252087733733 40
1776380383387 22.67626059731556 41
1776380583968 22.66342612255721 42
1776380783905 22.677658571029983 43
1776380981978 22.270825758552242 44
1776381179906 22.315351472295085 45
1776381376742 22.301305628672992 46
1776381574307 22.201051549741475 47
1776381771578 22.027141586501557 48
1776381967869 22.018211500764473 49
1776382165002 21.967695339765502 50
1776382362611 21.9628793246549 51
1776382559335 21.820626444329704 52
1776382756983 21.69534735934661 53
1776382953809 21.638770177646432 54
1776383150077 21.577962166679544 55
1776383346934 21.51164475909315 56
1776383544504 21.453738033288495 57
1776383740913 21.407507298251605 58
1776383937335 21.33580396241075 59
1776384133806 21.271101089118947 60
1776384330180 21.247103204217105 61
1776384527298 21.165504280906443 62
1776384724278 20.9920418830513 63
1776384920574 21.079113337363765 64
1776385116402 20.970075284256154 65
1776385313244 20.88206550329199 66
1776385510418 20.9699729242433 67
1776385707735 20.865520514390845 68
1776385903703 20.716058695528844 69
1776386100084 20.672399044809698 70
1776386296573 20.539468140810776 71
1776386493777 20.681053695647797 72
1776386689539 20.554091493739495 73
1776386886728 20.47287325650405 74
1776387083076 20.460803886673247 75
1776387280134 20.318713644914922 76
1776387477517 20.284180135742385 77
1776387674066 20.23196005550737 78
1776387870582 20.29695254284134 79
1776388069872 20.215467255158014 80
1776388267538 20.230433700536793 81
1776388467947 20.11208575355369 82
1776388664906 20.155376194748346 83
1776388861101 20.089409423222225 84
1776389058808 20.0666345189804 85
1776389255289 19.87175425524843 86
1776389451808 19.921749971287756 87
1776389648546 19.962231509302963 88
1776389845296 19.80974775543089 89
1776390042382 19.78085743241024 90
1776390239327 19.862184643552215 91
1776390436442 19.794813624463938 92
1776390632465 19.808502946912373 93
1776390829404 19.72569006111479 94
1776391025729 19.707225684408623 95
1776391221636 19.546703487006734 96
1776391418098 19.521340016221306 97
1776391614880 19.61245617642395 98
1776391811397 19.494799639456083 99
1776372211454 41.30428047118349 0
