1777882607887 0.17196474969387054 0
1777882607887 0.17196474969387054 0
1777882868927 0.07518758624792099 1
1777882607887 0.17196474969387054 0
1777882607887 0.17196474969387054 0
1777883107109 0.05590836703777313 2
1777882607887 0.17196474969387054 0
1777882607887 0.17196474969387054 0
1777882607887 0.17196474969387054 0
1777882607887 0.17196474969387054 0
1777883345107 0.047645341604948044 3
1777883571215 0.042552392929792404 4
1777882607887 0.17196474969387054 0
1777882607887 0.17196474969387054 0
1777882607887 0.17196474969387054 0
1777882607887 0.17196474969387054 0
1777882607887 0.17196474969387054 0
1777882607887 0.17196474969387054 0
1777882607887 0.17196474969387054 0
1777882607887 0.17196474969387054 0
1777883797596 0.03883298859000206 5
1777882607887 0.17196474969387054 0
1777882607887 0.17196474969387054 0
1777882607887 0.17196474969387054 0
1777882607887 0.17196474969387054 0
1777882607887 0.17196474969387054 0
1777882607887 0.17196474969387054 0
1777882607887 0.17196474969387054 0
1777882607887 0.17196474969387054 0
1777882607887 0.17196474969387054 0
1777882607887 0.17196474969387054 0
1777882607887 0.17196474969387054 0
1777882607887 0.17196474969387054 0
1777882607887 0.17196474969387054 0
1777882607887 0.17196474969387054 0
1777882607887 0.17196474969387054 0
1777882607887 0.17196474969387054 0
