1777882607895 0.5039710402488708 0
1777882607895 0.5039710402488708 0
1777882868939 0.2542503774166107 1
1777882607895 0.5039710402488708 0
1777882607895 0.5039710402488708 0
1777883107113 0.19895727932453156 2
1777882607895 0.5039710402488708 0
1777882607895 0.5039710402488708 0
1777882607895 0.5039710402488708 0
1777882607895 0.5039710402488708 0
1777883345115 0.16803078353405 3
1777883571219 0.14746445417404175 4
1777882607895 0.5039710402488708 0
1777882607895 0.5039710402488708 0
1777882607895 0.5039710402488708 0
1777882607895 0.5039710402488708 0
1777882607895 0.5039710402488708 0
1777882607895 0.5039710402488708 0
1777882607895 0.5039710402488708 0
1777882607895 0.5039710402488708 0
1777883797612 0.13143226504325867 5
1777882607895 0.5039710402488708 0
1777882607895 0.5039710402488708 0
1777882607895 0.5039710402488708 0
1777882607895 0.5039710402488708 0
1777882607895 0.5039710402488708 0
1777882607895 0.5039710402488708 0
1777882607895 0.5039710402488708 0
1777882607895 0.5039710402488708 0
1777882607895 0.5039710402488708 0
1777882607895 0.5039710402488708 0
1777882607895 0.5039710402488708 0
1777882607895 0.5039710402488708 0
1777882607895 0.5039710402488708 0
1777882607895 0.5039710402488708 0
1777882607895 0.5039710402488708 0
1777882607895 0.5039710402488708 0
