1777882570982 0.6759356248725965 0
1777882570982 0.6759356248725965 0
1777882837976 0.3294380293212662 1
1777882570982 0.6759356248725965 0
1777882570982 0.6759356248725965 0
1777883075265 0.254865647085662 2
1777882570982 0.6759356248725965 0
1777882570982 0.6759356248725965 0
1777882570982 0.6759356248725965 0
1777882570982 0.6759356248725965 0
1777883313351 0.21567613079324124 3
1777883542539 0.19001680019411069 4
1777882570982 0.6759356248725965 0
1777882570982 0.6759356248725965 0
1777882570982 0.6759356248725965 0
1777882570982 0.6759356248725965 0
1777882570982 0.6759356248725965 0
1777882570982 0.6759356248725965 0
1777882570982 0.6759356248725965 0
1777882570982 0.6759356248725965 0
1777883769435 0.17026528356819862 5
1777882570982 0.6759356248725965 0
1777882570982 0.6759356248725965 0
1777882570982 0.6759356248725965 0
1777882570982 0.6759356248725965 0
1777882570982 0.6759356248725965 0
1777882570982 0.6759356248725965 0
1777882570982 0.6759356248725965 0
1777882570982 0.6759356248725965 0
1777882570982 0.6759356248725965 0
1777882570982 0.6759356248725965 0
1777882570982 0.6759356248725965 0
1777882570982 0.6759356248725965 0
1777882570982 0.6759356248725965 0
1777882570982 0.6759356248725965 0
1777882570982 0.6759356248725965 0
1777882570982 0.6759356248725965 0
